(kicad_pcb (version 20171130) (host pcbnew "(5.1.6)-1")

  (general
    (thickness 1.6)
    (drawings 4)
    (tracks 0)
    (zones 0)
    (modules 45)
    (nets 44)
  )

  (page A4)
  (layers
    (0 F.Cu signal)
    (31 B.Cu signal)
    (32 B.Adhes user)
    (33 F.Adhes user)
    (34 B.Paste user)
    (35 F.Paste user)
    (36 B.SilkS user)
    (37 F.SilkS user)
    (38 B.Mask user)
    (39 F.Mask user)
    (40 Dwgs.User user)
    (41 Cmts.User user)
    (42 Eco1.User user)
    (43 Eco2.User user)
    (44 Edge.Cuts user)
    (45 Margin user)
    (46 B.CrtYd user)
    (47 F.CrtYd user)
    (48 B.Fab user)
    (49 F.Fab user)
  )

  (setup
    (last_trace_width 0.25)
    (trace_clearance 0.2)
    (zone_clearance 0.508)
    (zone_45_only no)
    (trace_min 0.2)
    (via_size 0.8)
    (via_drill 0.4)
    (via_min_size 0.4)
    (via_min_drill 0.3)
    (uvia_size 0.3)
    (uvia_drill 0.1)
    (uvias_allowed no)
    (uvia_min_size 0.2)
    (uvia_min_drill 0.1)
    (edge_width 0.05)
    (segment_width 0.2)
    (pcb_text_width 0.3)
    (pcb_text_size 1.5 1.5)
    (mod_edge_width 0.12)
    (mod_text_size 1 1)
    (mod_text_width 0.15)
    (pad_size 4 4)
    (pad_drill 3.2)
    (pad_to_mask_clearance 0.05)
    (aux_axis_origin 0 0)
    (visible_elements 7FFFFFFF)
    (pcbplotparams
      (layerselection 0x010fc_ffffffff)
      (usegerberextensions false)
      (usegerberattributes true)
      (usegerberadvancedattributes true)
      (creategerberjobfile true)
      (excludeedgelayer true)
      (linewidth 0.100000)
      (plotframeref false)
      (viasonmask false)
      (mode 1)
      (useauxorigin false)
      (hpglpennumber 1)
      (hpglpenspeed 20)
      (hpglpendiameter 15.000000)
      (psnegative false)
      (psa4output false)
      (plotreference true)
      (plotvalue true)
      (plotinvisibletext false)
      (padsonsilk false)
      (subtractmaskfromsilk false)
      (outputformat 1)
      (mirror false)
      (drillshape 1)
      (scaleselection 1)
      (outputdirectory ""))
  )

  (net 0 "")
  (net 1 GND)
  (net 2 /CAN_Transceiver/CAN_Tx)
  (net 3 /CAN_Transceiver/CAN_Rx)
  (net 4 /MCU/WiFi_Mode)
  (net 5 /MCU/MTDI)
  (net 6 /MCU/MTDO)
  (net 7 /MCU/MTCK)
  (net 8 /MCU/MTMS)
  (net 9 /CAN_Transceiver/BUS_H)
  (net 10 /CAN_Transceiver/BUS_L)
  (net 11 /MCU/Indicator_Error)
  (net 12 /MCU/Indicator_AP_Mode)
  (net 13 "Net-(D4-Pad1)")
  (net 14 "Net-(D5-Pad1)")
  (net 15 /MCU/Indicator_STA_Mode)
  (net 16 +3V3)
  (net 17 /Connector/OBD_VDD)
  (net 18 /MCU/GPIO_4)
  (net 19 /MCU/GPIO_3)
  (net 20 /MCU/GPIO_2)
  (net 21 /MCU/GPIO_1)
  (net 22 /MCU/OBD_Voltage_Check)
  (net 23 "Net-(C6-Pad1)")
  (net 24 "Net-(D6-Pad1)")
  (net 25 /Connector/Pin_7)
  (net 26 /Connector/Pin_5)
  (net 27 /Connector/Pin_3)
  (net 28 /Connector/Pin_2)
  (net 29 /Connector/CAN_Mode)
  (net 30 "Net-(Q1-Pad1)")
  (net 31 /Connector/OBD-CAN_Switch)
  (net 32 +5V)
  (net 33 "Net-(D2-PadC)")
  (net 34 "Net-(D3-Pad1)")
  (net 35 "Net-(D7-Pad2)")
  (net 36 "Net-(C6-Pad2)")
  (net 37 "Net-(C7-Pad1)")
  (net 38 "Net-(J2-Pad2)")
  (net 39 "Net-(J2-Pad4)")
  (net 40 "Net-(J2-Pad6)")
  (net 41 "Net-(J2-Pad8)")
  (net 42 "Net-(L1-Pad1)")
  (net 43 "Net-(R3-Pad2)")

  (net_class Default "This is the default net class."
    (clearance 0.2)
    (trace_width 0.25)
    (via_dia 0.8)
    (via_drill 0.4)
    (uvia_dia 0.3)
    (uvia_drill 0.1)
    (add_net +3V3)
    (add_net +5V)
    (add_net /CAN_Transceiver/BUS_H)
    (add_net /CAN_Transceiver/BUS_L)
    (add_net /CAN_Transceiver/CAN_Rx)
    (add_net /CAN_Transceiver/CAN_Tx)
    (add_net /Connector/CAN_Mode)
    (add_net /Connector/OBD-CAN_Switch)
    (add_net /Connector/OBD_VDD)
    (add_net /Connector/Pin_2)
    (add_net /Connector/Pin_3)
    (add_net /Connector/Pin_5)
    (add_net /Connector/Pin_7)
    (add_net /MCU/GPIO_1)
    (add_net /MCU/GPIO_2)
    (add_net /MCU/GPIO_3)
    (add_net /MCU/GPIO_4)
    (add_net /MCU/Indicator_AP_Mode)
    (add_net /MCU/Indicator_Error)
    (add_net /MCU/Indicator_STA_Mode)
    (add_net /MCU/MTCK)
    (add_net /MCU/MTDI)
    (add_net /MCU/MTDO)
    (add_net /MCU/MTMS)
    (add_net /MCU/OBD_Voltage_Check)
    (add_net /MCU/WiFi_Mode)
    (add_net GND)
    (add_net "Net-(C6-Pad1)")
    (add_net "Net-(C6-Pad2)")
    (add_net "Net-(C7-Pad1)")
    (add_net "Net-(D2-PadC)")
    (add_net "Net-(D3-Pad1)")
    (add_net "Net-(D4-Pad1)")
    (add_net "Net-(D5-Pad1)")
    (add_net "Net-(D6-Pad1)")
    (add_net "Net-(D7-Pad2)")
    (add_net "Net-(J2-Pad2)")
    (add_net "Net-(J2-Pad4)")
    (add_net "Net-(J2-Pad6)")
    (add_net "Net-(J2-Pad8)")
    (add_net "Net-(L1-Pad1)")
    (add_net "Net-(Q1-Pad1)")
    (add_net "Net-(R3-Pad2)")
  )

  (module SamacSys_Parts:WE-SLM77 (layer B.Cu) (tedit 5FA96605) (tstamp 5FAA0221)
    (at 147.48 125.73 180)
    (descr WE-SLM77)
    (tags Inductor)
    (path /5F562A6B/5FA954C1)
    (attr smd)
    (fp_text reference L2 (at -3.6 2.5 180) (layer B.SilkS)
      (effects (font (size 1.27 1.27) (thickness 0.254)) (justify mirror))
    )
    (fp_text value 744242220 (at -3.6 2.5 180) (layer B.SilkS) hide
      (effects (font (size 1.27 1.27) (thickness 0.254)) (justify mirror))
    )
    (fp_line (start -3.5 -2) (end -3.5 2) (layer B.CrtYd) (width 0.127))
    (fp_line (start 3.5 -2) (end -3.5 -2) (layer B.CrtYd) (width 0.127))
    (fp_line (start 3.5 2) (end 3.5 -2) (layer B.CrtYd) (width 0.127))
    (fp_line (start -3.5 2) (end 3.5 2) (layer B.CrtYd) (width 0.127))
    (fp_line (start -2.5 1.65) (end -2.5 -1.65) (layer B.Fab) (width 0.127))
    (fp_line (start 2.5 1.65) (end 2.5 -1.65) (layer B.Fab) (width 0.127))
    (fp_line (start -2.5 -1.7) (end 2.5 -1.7) (layer B.SilkS) (width 0.127))
    (fp_line (start -2.5 1.7) (end 2.5 1.7) (layer B.SilkS) (width 0.127))
    (fp_line (start -2.2 -0.6) (end 2.2 -0.6) (layer B.Fab) (width 0.127))
    (fp_line (start -2.2 0.6) (end 2.2 0.6) (layer B.Fab) (width 0.127))
    (fp_text user %R (at -3.6 2.5 180) (layer B.Fab)
      (effects (font (size 1.27 1.27) (thickness 0.254)) (justify mirror))
    )
    (pad 3 smd rect (at 2.27 -0.62 180) (size 0.6 1) (layers B.Cu B.Paste B.Mask)
      (net 10 /CAN_Transceiver/BUS_L))
    (pad 2 smd rect (at -2.28 -0.62 180) (size 0.6 1) (layers B.Cu B.Paste B.Mask)
      (net 36 "Net-(C6-Pad2)"))
    (pad 4 smd rect (at 2.27 0.63 180) (size 0.6 1) (layers B.Cu B.Paste B.Mask)
      (net 9 /CAN_Transceiver/BUS_H))
    (pad 1 smd rect (at -2.28 0.63 180) (size 0.6 1) (layers B.Cu B.Paste B.Mask)
      (net 23 "Net-(C6-Pad1)"))
  )

  (module Board:MODULE_ESP32-DEVKITC-32D (layer F.Cu) (tedit 5FA96415) (tstamp 5FA075FA)
    (at 201.455 135.255 90)
    (path /5F52F099/5F52F5CE)
    (fp_text reference U2 (at -10.829175 -28.446045 90) (layer F.SilkS)
      (effects (font (size 1.000386 1.000386) (thickness 0.015)))
    )
    (fp_text value ESP32-DEVKITC-32D (at 1.24136 28.294535 90) (layer F.Fab)
      (effects (font (size 1.001047 1.001047) (thickness 0.015)))
    )
    (fp_line (start -13.95 -22.07) (end 13.95 -22.07) (layer F.Fab) (width 0.127))
    (fp_line (start 13.95 22.17) (end -13.95 22.17) (layer F.Fab) (width 0.127))
    (fp_line (start -13.95 22.17) (end -13.95 -22.07) (layer F.Fab) (width 0.127))
    (fp_line (start -13.95 22.17) (end -13.97 -22.07) (layer F.SilkS) (width 0.127))
    (fp_line (start -13.97 -22.07) (end 13.95 -22.07) (layer F.SilkS) (width 0.127))
    (fp_line (start 13.97 -22.098) (end 13.95 22.098) (layer F.SilkS) (width 0.127))
    (fp_line (start 13.95 22.17) (end -13.95 22.17) (layer F.SilkS) (width 0.127))
    (fp_line (start -14.2 -22.32) (end 14.2 -22.32) (layer F.CrtYd) (width 0.05))
    (fp_line (start 14.2 -22.32) (end 14.2 22.42) (layer F.CrtYd) (width 0.05))
    (fp_line (start 14.2 22.42) (end -14.2 22.42) (layer F.CrtYd) (width 0.05))
    (fp_line (start -14.2 22.42) (end -14.2 -22.32) (layer F.CrtYd) (width 0.05))
    (fp_circle (center -14.6 -19.9) (end -14.46 -19.9) (layer F.Fab) (width 0.28))
    (fp_circle (center -14.6 -19.9) (end -14.46 -19.9) (layer F.Fab) (width 0.28))
    (pad 1 thru_hole rect (at -12.7 -19.76 90) (size 1.56 1.56) (drill 1.04) (layers *.Cu *.Mask))
    (pad 2 thru_hole circle (at -12.7 -17.22 90) (size 1.56 1.56) (drill 1.04) (layers *.Cu *.Mask))
    (pad 19 thru_hole circle (at 12.573 -12.267 90) (size 1.56 1.56) (drill 1.04) (layers *.Cu *.Mask))
    (pad 3 thru_hole circle (at -12.7 -14.68 90) (size 1.56 1.56) (drill 1.04) (layers *.Cu *.Mask))
    (pad 4 thru_hole circle (at -12.7 -12.14 90) (size 1.56 1.56) (drill 1.04) (layers *.Cu *.Mask))
    (pad 5 thru_hole circle (at -12.7 -9.6 90) (size 1.56 1.56) (drill 1.04) (layers *.Cu *.Mask)
      (net 22 /MCU/OBD_Voltage_Check))
    (pad 6 thru_hole circle (at -12.7 -7.06 90) (size 1.56 1.56) (drill 1.04) (layers *.Cu *.Mask)
      (net 31 /Connector/OBD-CAN_Switch))
    (pad 7 thru_hole circle (at -12.7 -4.52 90) (size 1.56 1.56) (drill 1.04) (layers *.Cu *.Mask)
      (net 18 /MCU/GPIO_4))
    (pad 8 thru_hole circle (at -12.7 -1.98 90) (size 1.56 1.56) (drill 1.04) (layers *.Cu *.Mask)
      (net 19 /MCU/GPIO_3))
    (pad 9 thru_hole circle (at -12.7 0.56 90) (size 1.56 1.56) (drill 1.04) (layers *.Cu *.Mask)
      (net 20 /MCU/GPIO_2))
    (pad 10 thru_hole circle (at -12.7 3.1 90) (size 1.56 1.56) (drill 1.04) (layers *.Cu *.Mask)
      (net 21 /MCU/GPIO_1))
    (pad 11 thru_hole circle (at -12.7 5.64 90) (size 1.56 1.56) (drill 1.04) (layers *.Cu *.Mask)
      (net 8 /MCU/MTMS))
    (pad 12 thru_hole circle (at -12.7 8.18 90) (size 1.56 1.56) (drill 1.04) (layers *.Cu *.Mask)
      (net 5 /MCU/MTDI))
    (pad 13 thru_hole circle (at -12.7 10.72 90) (size 1.56 1.56) (drill 1.04) (layers *.Cu *.Mask)
      (net 1 GND))
    (pad 14 thru_hole circle (at -12.7 13.26 90) (size 1.56 1.56) (drill 1.04) (layers *.Cu *.Mask)
      (net 7 /MCU/MTCK))
    (pad 15 thru_hole circle (at -12.7 15.8 90) (size 1.56 1.56) (drill 1.04) (layers *.Cu *.Mask)
      (net 33 "Net-(D2-PadC)"))
    (pad 16 thru_hole circle (at 12.573 -19.887 90) (size 1.56 1.56) (drill 1.04) (layers *.Cu *.Mask))
    (pad 17 thru_hole circle (at 12.573 -17.347 90) (size 1.56 1.56) (drill 1.04) (layers *.Cu *.Mask))
    (pad 18 thru_hole circle (at 12.573 -14.807 90) (size 1.56 1.56) (drill 1.04) (layers *.Cu *.Mask))
    (pad 20 thru_hole circle (at 12.573 -9.727 90) (size 1.56 1.56) (drill 1.04) (layers *.Cu *.Mask)
      (net 4 /MCU/WiFi_Mode))
    (pad 21 thru_hole circle (at 12.573 -7.187 90) (size 1.56 1.56) (drill 1.04) (layers *.Cu *.Mask)
      (net 15 /MCU/Indicator_STA_Mode))
    (pad 22 thru_hole circle (at 12.573 -4.647 90) (size 1.56 1.56) (drill 1.04) (layers *.Cu *.Mask)
      (net 12 /MCU/Indicator_AP_Mode))
    (pad 23 thru_hole circle (at 12.573 -2.107 90) (size 1.56 1.56) (drill 1.04) (layers *.Cu *.Mask)
      (net 3 /CAN_Transceiver/CAN_Rx))
    (pad 24 thru_hole circle (at 12.573 0.433 90) (size 1.56 1.56) (drill 1.04) (layers *.Cu *.Mask))
    (pad 25 thru_hole circle (at 12.573 2.973 90) (size 1.56 1.56) (drill 1.04) (layers *.Cu *.Mask))
    (pad 26 thru_hole circle (at 12.573 5.513 90) (size 1.56 1.56) (drill 1.04) (layers *.Cu *.Mask)
      (net 2 /CAN_Transceiver/CAN_Tx))
    (pad 27 thru_hole circle (at 12.573 8.053 90) (size 1.56 1.56) (drill 1.04) (layers *.Cu *.Mask)
      (net 11 /MCU/Indicator_Error))
    (pad 28 thru_hole circle (at 12.573 10.593 90) (size 1.56 1.56) (drill 1.04) (layers *.Cu *.Mask)
      (net 6 /MCU/MTDO))
    (pad 29 thru_hole circle (at 12.573 13.133 90) (size 1.56 1.56) (drill 1.04) (layers *.Cu *.Mask)
      (net 1 GND))
    (pad 30 thru_hole circle (at 12.573 15.673 90) (size 1.56 1.56) (drill 1.04) (layers *.Cu *.Mask)
      (net 16 +3V3))
  )

  (module Resistor_SMD:R_0805_2012Metric_Pad1.15x1.40mm_HandSolder (layer F.Cu) (tedit 5B36C52B) (tstamp 5FAAB3E9)
    (at 143.425 137.16 180)
    (descr "Resistor SMD 0805 (2012 Metric), square (rectangular) end terminal, IPC_7351 nominal with elongated pad for handsoldering. (Body size source: https://docs.google.com/spreadsheets/d/1BsfQQcO9C6DZCsRaXUlFlo91Tg2WpOkGARC1WS5S8t0/edit?usp=sharing), generated with kicad-footprint-generator")
    (tags "resistor handsolder")
    (path /5FA55ABF/5FB372EA)
    (attr smd)
    (fp_text reference R18 (at 0 -1.65) (layer F.SilkS)
      (effects (font (size 1 1) (thickness 0.15)))
    )
    (fp_text value 150 (at 0 1.65) (layer F.Fab)
      (effects (font (size 1 1) (thickness 0.15)))
    )
    (fp_line (start -1 0.6) (end -1 -0.6) (layer F.Fab) (width 0.1))
    (fp_line (start -1 -0.6) (end 1 -0.6) (layer F.Fab) (width 0.1))
    (fp_line (start 1 -0.6) (end 1 0.6) (layer F.Fab) (width 0.1))
    (fp_line (start 1 0.6) (end -1 0.6) (layer F.Fab) (width 0.1))
    (fp_line (start -0.261252 -0.71) (end 0.261252 -0.71) (layer F.SilkS) (width 0.12))
    (fp_line (start -0.261252 0.71) (end 0.261252 0.71) (layer F.SilkS) (width 0.12))
    (fp_line (start -1.85 0.95) (end -1.85 -0.95) (layer F.CrtYd) (width 0.05))
    (fp_line (start -1.85 -0.95) (end 1.85 -0.95) (layer F.CrtYd) (width 0.05))
    (fp_line (start 1.85 -0.95) (end 1.85 0.95) (layer F.CrtYd) (width 0.05))
    (fp_line (start 1.85 0.95) (end -1.85 0.95) (layer F.CrtYd) (width 0.05))
    (fp_text user %R (at 0 0) (layer F.Fab)
      (effects (font (size 0.5 0.5) (thickness 0.08)))
    )
    (pad 2 smd roundrect (at 1.025 0 180) (size 1.15 1.4) (layers F.Cu F.Paste F.Mask) (roundrect_rratio 0.217391)
      (net 1 GND))
    (pad 1 smd roundrect (at -1.025 0 180) (size 1.15 1.4) (layers F.Cu F.Paste F.Mask) (roundrect_rratio 0.217391)
      (net 30 "Net-(Q1-Pad1)"))
    (model ${KISYS3DMOD}/Resistor_SMD.3dshapes/R_0805_2012Metric.wrl
      (at (xyz 0 0 0))
      (scale (xyz 1 1 1))
      (rotate (xyz 0 0 0))
    )
  )

  (module Package_SO:VSSOP-8_3.0x3.0mm_P0.65mm (layer F.Cu) (tedit 5A02F25C) (tstamp 5FAA84B4)
    (at 131.265 115.275)
    (descr "VSSOP-8 3.0 x 3.0, http://www.ti.com/lit/ds/symlink/lm75b.pdf")
    (tags "VSSOP-8 3.0 x 3.0")
    (path /5F52EFB7/5FB37DEF)
    (attr smd)
    (fp_text reference U1 (at 0 -2.5) (layer F.SilkS)
      (effects (font (size 1 1) (thickness 0.15)))
    )
    (fp_text value TPS62163DGK (at 0.02 2.73) (layer F.Fab)
      (effects (font (size 1 1) (thickness 0.15)))
    )
    (fp_line (start -3.48 -1.75) (end 3.48 -1.75) (layer F.CrtYd) (width 0.05))
    (fp_line (start -3.48 1.75) (end -3.48 -1.75) (layer F.CrtYd) (width 0.05))
    (fp_line (start 3.48 1.75) (end -3.48 1.75) (layer F.CrtYd) (width 0.05))
    (fp_line (start 3.48 -1.75) (end 3.48 1.75) (layer F.CrtYd) (width 0.05))
    (fp_line (start 1 1.62) (end -1 1.62) (layer F.SilkS) (width 0.12))
    (fp_line (start 0 -1.62) (end -3 -1.62) (layer F.SilkS) (width 0.12))
    (fp_line (start -0.5 -1.5) (end -1.5 -0.5) (layer F.Fab) (width 0.1))
    (fp_line (start -0.5 -1.5) (end 1.5 -1.5) (layer F.Fab) (width 0.1))
    (fp_line (start -1.5 1.5) (end -1.5 -0.5) (layer F.Fab) (width 0.1))
    (fp_line (start 1.5 1.5) (end -1.5 1.5) (layer F.Fab) (width 0.1))
    (fp_line (start 1.5 -1.5) (end 1.5 1.5) (layer F.Fab) (width 0.1))
    (fp_text user %R (at 0 0) (layer F.Fab)
      (effects (font (size 0.5 0.5) (thickness 0.1)))
    )
    (pad 8 smd rect (at 2.2 -0.975 270) (size 0.45 1.45) (layers F.Cu F.Paste F.Mask)
      (net 43 "Net-(R3-Pad2)"))
    (pad 7 smd rect (at 2.2 -0.325 270) (size 0.45 1.45) (layers F.Cu F.Paste F.Mask)
      (net 42 "Net-(L1-Pad1)"))
    (pad 6 smd rect (at 2.2 0.325 270) (size 0.45 1.45) (layers F.Cu F.Paste F.Mask)
      (net 32 +5V))
    (pad 5 smd rect (at 2.2 0.975 270) (size 0.45 1.45) (layers F.Cu F.Paste F.Mask)
      (net 1 GND))
    (pad 4 smd rect (at -2.2 0.975 270) (size 0.45 1.45) (layers F.Cu F.Paste F.Mask)
      (net 1 GND))
    (pad 3 smd rect (at -2.2 0.325 270) (size 0.45 1.45) (layers F.Cu F.Paste F.Mask)
      (net 17 /Connector/OBD_VDD))
    (pad 2 smd rect (at -2.2 -0.325 270) (size 0.45 1.45) (layers F.Cu F.Paste F.Mask)
      (net 17 /Connector/OBD_VDD))
    (pad 1 smd rect (at -2.2 -0.975 270) (size 0.45 1.45) (layers F.Cu F.Paste F.Mask)
      (net 1 GND))
    (model ${KISYS3DMOD}/Package_SO.3dshapes/VSSOP-8_3.0x3.0mm_P0.65mm.wrl
      (at (xyz 0 0 0))
      (scale (xyz 1 1 1))
      (rotate (xyz 0 0 0))
    )
  )

  (module Resistor_SMD:R_0805_2012Metric_Pad1.15x1.40mm_HandSolder (layer F.Cu) (tedit 5B36C52B) (tstamp 5FAA837A)
    (at 129.31 120.015 180)
    (descr "Resistor SMD 0805 (2012 Metric), square (rectangular) end terminal, IPC_7351 nominal with elongated pad for handsoldering. (Body size source: https://docs.google.com/spreadsheets/d/1BsfQQcO9C6DZCsRaXUlFlo91Tg2WpOkGARC1WS5S8t0/edit?usp=sharing), generated with kicad-footprint-generator")
    (tags "resistor handsolder")
    (path /5F52EFB7/5FB3B31A)
    (attr smd)
    (fp_text reference R3 (at 0 -1.65) (layer F.SilkS)
      (effects (font (size 1 1) (thickness 0.15)))
    )
    (fp_text value 100k (at 0 1.65) (layer F.Fab)
      (effects (font (size 1 1) (thickness 0.15)))
    )
    (fp_line (start -1 0.6) (end -1 -0.6) (layer F.Fab) (width 0.1))
    (fp_line (start -1 -0.6) (end 1 -0.6) (layer F.Fab) (width 0.1))
    (fp_line (start 1 -0.6) (end 1 0.6) (layer F.Fab) (width 0.1))
    (fp_line (start 1 0.6) (end -1 0.6) (layer F.Fab) (width 0.1))
    (fp_line (start -0.261252 -0.71) (end 0.261252 -0.71) (layer F.SilkS) (width 0.12))
    (fp_line (start -0.261252 0.71) (end 0.261252 0.71) (layer F.SilkS) (width 0.12))
    (fp_line (start -1.85 0.95) (end -1.85 -0.95) (layer F.CrtYd) (width 0.05))
    (fp_line (start -1.85 -0.95) (end 1.85 -0.95) (layer F.CrtYd) (width 0.05))
    (fp_line (start 1.85 -0.95) (end 1.85 0.95) (layer F.CrtYd) (width 0.05))
    (fp_line (start 1.85 0.95) (end -1.85 0.95) (layer F.CrtYd) (width 0.05))
    (fp_text user %R (at 0 0) (layer F.Fab)
      (effects (font (size 0.5 0.5) (thickness 0.08)))
    )
    (pad 2 smd roundrect (at 1.025 0 180) (size 1.15 1.4) (layers F.Cu F.Paste F.Mask) (roundrect_rratio 0.217391)
      (net 43 "Net-(R3-Pad2)"))
    (pad 1 smd roundrect (at -1.025 0 180) (size 1.15 1.4) (layers F.Cu F.Paste F.Mask) (roundrect_rratio 0.217391)
      (net 32 +5V))
    (model ${KISYS3DMOD}/Resistor_SMD.3dshapes/R_0805_2012Metric.wrl
      (at (xyz 0 0 0))
      (scale (xyz 1 1 1))
      (rotate (xyz 0 0 0))
    )
  )

  (module Capacitor_SMD:C_0603_1608Metric_Pad1.05x0.95mm_HandSolder (layer F.Cu) (tedit 5B301BBE) (tstamp 5FAA830F)
    (at 137.955 115.175 270)
    (descr "Capacitor SMD 0603 (1608 Metric), square (rectangular) end terminal, IPC_7351 nominal with elongated pad for handsoldering. (Body size source: http://www.tortai-tech.com/upload/download/2011102023233369053.pdf), generated with kicad-footprint-generator")
    (tags "capacitor handsolder")
    (path /5F52EFB7/5FB3AA0A)
    (attr smd)
    (fp_text reference L1 (at 0 -1.43 90) (layer F.SilkS)
      (effects (font (size 1 1) (thickness 0.15)))
    )
    (fp_text value 2.2u (at 0 1.43 90) (layer F.Fab)
      (effects (font (size 1 1) (thickness 0.15)))
    )
    (fp_line (start -0.8 0.4) (end -0.8 -0.4) (layer F.Fab) (width 0.1))
    (fp_line (start -0.8 -0.4) (end 0.8 -0.4) (layer F.Fab) (width 0.1))
    (fp_line (start 0.8 -0.4) (end 0.8 0.4) (layer F.Fab) (width 0.1))
    (fp_line (start 0.8 0.4) (end -0.8 0.4) (layer F.Fab) (width 0.1))
    (fp_line (start -0.171267 -0.51) (end 0.171267 -0.51) (layer F.SilkS) (width 0.12))
    (fp_line (start -0.171267 0.51) (end 0.171267 0.51) (layer F.SilkS) (width 0.12))
    (fp_line (start -1.65 0.73) (end -1.65 -0.73) (layer F.CrtYd) (width 0.05))
    (fp_line (start -1.65 -0.73) (end 1.65 -0.73) (layer F.CrtYd) (width 0.05))
    (fp_line (start 1.65 -0.73) (end 1.65 0.73) (layer F.CrtYd) (width 0.05))
    (fp_line (start 1.65 0.73) (end -1.65 0.73) (layer F.CrtYd) (width 0.05))
    (fp_text user %R (at 0 0 90) (layer F.Fab)
      (effects (font (size 0.4 0.4) (thickness 0.06)))
    )
    (pad 2 smd roundrect (at 0.875 0 270) (size 1.05 0.95) (layers F.Cu F.Paste F.Mask) (roundrect_rratio 0.25)
      (net 32 +5V))
    (pad 1 smd roundrect (at -0.875 0 270) (size 1.05 0.95) (layers F.Cu F.Paste F.Mask) (roundrect_rratio 0.25)
      (net 42 "Net-(L1-Pad1)"))
    (model ${KISYS3DMOD}/Capacitor_SMD.3dshapes/C_0603_1608Metric.wrl
      (at (xyz 0 0 0))
      (scale (xyz 1 1 1))
      (rotate (xyz 0 0 0))
    )
  )

  (module Board:2606-3356 (layer B.Cu) (tedit 0) (tstamp 5FAA824B)
    (at 224.95 116.84 180)
    (path /5F52F099/5FB5C146)
    (fp_text reference J1 (at 30.250002 -6.25) (layer B.SilkS)
      (effects (font (size 1 1) (thickness 0.15)) (justify mirror))
    )
    (fp_text value 2606-3356 (at 30.250002 -6.25) (layer B.SilkS)
      (effects (font (size 1 1) (thickness 0.15)) (justify mirror))
    )
    (fp_line (start -5.627498 -16.430001) (end 66.127502 -16.430001) (layer B.SilkS) (width 0.1524))
    (fp_line (start 66.127502 -16.430001) (end 66.127502 7.826999) (layer B.SilkS) (width 0.1524))
    (fp_line (start 66.127502 7.826999) (end -5.627498 7.826999) (layer B.SilkS) (width 0.1524))
    (fp_line (start -5.627498 7.826999) (end -5.627498 -16.430001) (layer B.SilkS) (width 0.1524))
    (fp_line (start -5.500498 -16.303001) (end 66.000502 -16.303001) (layer B.Fab) (width 0.1524))
    (fp_line (start 66.000502 -16.303001) (end 66.000502 7.699999) (layer B.Fab) (width 0.1524))
    (fp_line (start 66.000502 7.699999) (end -5.500498 7.699999) (layer B.Fab) (width 0.1524))
    (fp_line (start -5.500498 7.699999) (end -5.500498 -16.303001) (layer B.Fab) (width 0.1524))
    (fp_line (start -5.754498 7.953999) (end -5.754498 -16.557001) (layer B.CrtYd) (width 0.1524))
    (fp_line (start -5.754498 -16.557001) (end 66.254502 -16.557001) (layer B.CrtYd) (width 0.1524))
    (fp_line (start 66.254502 -16.557001) (end 66.254502 7.953999) (layer B.CrtYd) (width 0.1524))
    (fp_line (start 66.254502 7.953999) (end -5.754498 7.953999) (layer B.CrtYd) (width 0.1524))
    (fp_circle (center 0 1.905) (end 0.381 1.905) (layer B.Fab) (width 0.1524))
    (fp_circle (center -6.262498 0) (end -5.881498 0) (layer B.SilkS) (width 0.1524))
    (fp_circle (center -6.262498 0) (end -5.881498 0) (layer F.SilkS) (width 0.1524))
    (fp_text user * (at 0 0) (layer B.Fab)
      (effects (font (size 1 1) (thickness 0.15)) (justify mirror))
    )
    (fp_text user * (at 0 0) (layer B.SilkS)
      (effects (font (size 1 1) (thickness 0.15)) (justify mirror))
    )
    (fp_text user "Copyright 2016 Accelerated Designs. All rights reserved." (at 0 0) (layer Cmts.User)
      (effects (font (size 0.127 0.127) (thickness 0.002)))
    )
    (pad 12 thru_hole circle (at 62.500003 -12.5 180) (size 2.6162 2.6162) (drill 2.1082) (layers *.Cu *.Mask)
      (net 16 +3V3))
    (pad 11 thru_hole circle (at 62.500003 0 180) (size 2.6162 2.6162) (drill 2.1082) (layers *.Cu *.Mask))
    (pad 10 thru_hole circle (at 50.000003 -12.5 180) (size 2.6162 2.6162) (drill 2.1082) (layers *.Cu *.Mask)
      (net 1 GND))
    (pad 9 thru_hole circle (at 50.000003 0 180) (size 2.6162 2.6162) (drill 2.1082) (layers *.Cu *.Mask))
    (pad 8 thru_hole circle (at 37.500002 -12.5 180) (size 2.6162 2.6162) (drill 2.1082) (layers *.Cu *.Mask)
      (net 18 /MCU/GPIO_4))
    (pad 7 thru_hole circle (at 37.500002 0 180) (size 2.6162 2.6162) (drill 2.1082) (layers *.Cu *.Mask))
    (pad 6 thru_hole circle (at 24.999999 -12.5 180) (size 2.6162 2.6162) (drill 2.1082) (layers *.Cu *.Mask)
      (net 19 /MCU/GPIO_3))
    (pad 5 thru_hole circle (at 24.999999 0 180) (size 2.6162 2.6162) (drill 2.1082) (layers *.Cu *.Mask))
    (pad 4 thru_hole circle (at 12.499999 -12.5 180) (size 2.6162 2.6162) (drill 2.1082) (layers *.Cu *.Mask)
      (net 20 /MCU/GPIO_2))
    (pad 3 thru_hole circle (at 12.499999 0 180) (size 2.6162 2.6162) (drill 2.1082) (layers *.Cu *.Mask))
    (pad 2 thru_hole circle (at -0.000001 -12.5 180) (size 2.6162 2.6162) (drill 2.1082) (layers *.Cu *.Mask)
      (net 21 /MCU/GPIO_1))
    (pad 1 thru_hole circle (at -0.000001 0 180) (size 2.6162 2.6162) (drill 2.1082) (layers *.Cu *.Mask))
  )

  (module Capacitor_SMD:C_0603_1608Metric_Pad1.05x0.95mm_HandSolder (layer F.Cu) (tedit 5B301BBE) (tstamp 5FAA8055)
    (at 133.27 120.015)
    (descr "Capacitor SMD 0603 (1608 Metric), square (rectangular) end terminal, IPC_7351 nominal with elongated pad for handsoldering. (Body size source: http://www.tortai-tech.com/upload/download/2011102023233369053.pdf), generated with kicad-footprint-generator")
    (tags "capacitor handsolder")
    (path /5F52EFB7/5FB437F9)
    (attr smd)
    (fp_text reference C3 (at 0 -1.43) (layer F.SilkS)
      (effects (font (size 1 1) (thickness 0.15)))
    )
    (fp_text value 22u (at 0 1.43) (layer F.Fab)
      (effects (font (size 1 1) (thickness 0.15)))
    )
    (fp_line (start -0.8 0.4) (end -0.8 -0.4) (layer F.Fab) (width 0.1))
    (fp_line (start -0.8 -0.4) (end 0.8 -0.4) (layer F.Fab) (width 0.1))
    (fp_line (start 0.8 -0.4) (end 0.8 0.4) (layer F.Fab) (width 0.1))
    (fp_line (start 0.8 0.4) (end -0.8 0.4) (layer F.Fab) (width 0.1))
    (fp_line (start -0.171267 -0.51) (end 0.171267 -0.51) (layer F.SilkS) (width 0.12))
    (fp_line (start -0.171267 0.51) (end 0.171267 0.51) (layer F.SilkS) (width 0.12))
    (fp_line (start -1.65 0.73) (end -1.65 -0.73) (layer F.CrtYd) (width 0.05))
    (fp_line (start -1.65 -0.73) (end 1.65 -0.73) (layer F.CrtYd) (width 0.05))
    (fp_line (start 1.65 -0.73) (end 1.65 0.73) (layer F.CrtYd) (width 0.05))
    (fp_line (start 1.65 0.73) (end -1.65 0.73) (layer F.CrtYd) (width 0.05))
    (fp_text user %R (at 0 0) (layer F.Fab)
      (effects (font (size 0.4 0.4) (thickness 0.06)))
    )
    (pad 2 smd roundrect (at 0.875 0) (size 1.05 0.95) (layers F.Cu F.Paste F.Mask) (roundrect_rratio 0.25)
      (net 1 GND))
    (pad 1 smd roundrect (at -0.875 0) (size 1.05 0.95) (layers F.Cu F.Paste F.Mask) (roundrect_rratio 0.25)
      (net 32 +5V))
    (model ${KISYS3DMOD}/Capacitor_SMD.3dshapes/C_0603_1608Metric.wrl
      (at (xyz 0 0 0))
      (scale (xyz 1 1 1))
      (rotate (xyz 0 0 0))
    )
  )

  (module Capacitor_SMD:C_0603_1608Metric_Pad1.05x0.95mm_HandSolder (layer F.Cu) (tedit 5B301BBE) (tstamp 5FAA8044)
    (at 124.62 115.57 270)
    (descr "Capacitor SMD 0603 (1608 Metric), square (rectangular) end terminal, IPC_7351 nominal with elongated pad for handsoldering. (Body size source: http://www.tortai-tech.com/upload/download/2011102023233369053.pdf), generated with kicad-footprint-generator")
    (tags "capacitor handsolder")
    (path /5F52EFB7/5FB43F56)
    (attr smd)
    (fp_text reference C2 (at 0 -1.43 90) (layer F.SilkS)
      (effects (font (size 1 1) (thickness 0.15)))
    )
    (fp_text value 10u (at 0 1.43 90) (layer F.Fab)
      (effects (font (size 1 1) (thickness 0.15)))
    )
    (fp_line (start -0.8 0.4) (end -0.8 -0.4) (layer F.Fab) (width 0.1))
    (fp_line (start -0.8 -0.4) (end 0.8 -0.4) (layer F.Fab) (width 0.1))
    (fp_line (start 0.8 -0.4) (end 0.8 0.4) (layer F.Fab) (width 0.1))
    (fp_line (start 0.8 0.4) (end -0.8 0.4) (layer F.Fab) (width 0.1))
    (fp_line (start -0.171267 -0.51) (end 0.171267 -0.51) (layer F.SilkS) (width 0.12))
    (fp_line (start -0.171267 0.51) (end 0.171267 0.51) (layer F.SilkS) (width 0.12))
    (fp_line (start -1.65 0.73) (end -1.65 -0.73) (layer F.CrtYd) (width 0.05))
    (fp_line (start -1.65 -0.73) (end 1.65 -0.73) (layer F.CrtYd) (width 0.05))
    (fp_line (start 1.65 -0.73) (end 1.65 0.73) (layer F.CrtYd) (width 0.05))
    (fp_line (start 1.65 0.73) (end -1.65 0.73) (layer F.CrtYd) (width 0.05))
    (fp_text user %R (at 0 0 90) (layer F.Fab)
      (effects (font (size 0.4 0.4) (thickness 0.06)))
    )
    (pad 2 smd roundrect (at 0.875 0 270) (size 1.05 0.95) (layers F.Cu F.Paste F.Mask) (roundrect_rratio 0.25)
      (net 1 GND))
    (pad 1 smd roundrect (at -0.875 0 270) (size 1.05 0.95) (layers F.Cu F.Paste F.Mask) (roundrect_rratio 0.25)
      (net 17 /Connector/OBD_VDD))
    (model ${KISYS3DMOD}/Capacitor_SMD.3dshapes/C_0603_1608Metric.wrl
      (at (xyz 0 0 0))
      (scale (xyz 1 1 1))
      (rotate (xyz 0 0 0))
    )
  )

  (module Capacitor_SMD:C_0603_1608Metric_Pad1.05x0.95mm_HandSolder (layer F.Cu) (tedit 5B301BBE) (tstamp 5FA1CC01)
    (at 160.815 137.4 270)
    (descr "Capacitor SMD 0603 (1608 Metric), square (rectangular) end terminal, IPC_7351 nominal with elongated pad for handsoldering. (Body size source: http://www.tortai-tech.com/upload/download/2011102023233369053.pdf), generated with kicad-footprint-generator")
    (tags "capacitor handsolder")
    (path /5F52F099/5F5C9535)
    (attr smd)
    (fp_text reference C8 (at 0 -1.43 90) (layer F.SilkS)
      (effects (font (size 1 1) (thickness 0.15)))
    )
    (fp_text value 100n (at 0 1.43 90) (layer F.Fab)
      (effects (font (size 1 1) (thickness 0.15)))
    )
    (fp_line (start 1.65 0.73) (end -1.65 0.73) (layer F.CrtYd) (width 0.05))
    (fp_line (start 1.65 -0.73) (end 1.65 0.73) (layer F.CrtYd) (width 0.05))
    (fp_line (start -1.65 -0.73) (end 1.65 -0.73) (layer F.CrtYd) (width 0.05))
    (fp_line (start -1.65 0.73) (end -1.65 -0.73) (layer F.CrtYd) (width 0.05))
    (fp_line (start -0.171267 0.51) (end 0.171267 0.51) (layer F.SilkS) (width 0.12))
    (fp_line (start -0.171267 -0.51) (end 0.171267 -0.51) (layer F.SilkS) (width 0.12))
    (fp_line (start 0.8 0.4) (end -0.8 0.4) (layer F.Fab) (width 0.1))
    (fp_line (start 0.8 -0.4) (end 0.8 0.4) (layer F.Fab) (width 0.1))
    (fp_line (start -0.8 -0.4) (end 0.8 -0.4) (layer F.Fab) (width 0.1))
    (fp_line (start -0.8 0.4) (end -0.8 -0.4) (layer F.Fab) (width 0.1))
    (fp_text user %R (at 0 0 90) (layer F.Fab)
      (effects (font (size 0.4 0.4) (thickness 0.06)))
    )
    (pad 2 smd roundrect (at 0.875 0 270) (size 1.05 0.95) (layers F.Cu F.Paste F.Mask) (roundrect_rratio 0.25)
      (net 1 GND))
    (pad 1 smd roundrect (at -0.875 0 270) (size 1.05 0.95) (layers F.Cu F.Paste F.Mask) (roundrect_rratio 0.25)
      (net 4 /MCU/WiFi_Mode))
    (model ${KISYS3DMOD}/Capacitor_SMD.3dshapes/C_0603_1608Metric.wrl
      (at (xyz 0 0 0))
      (scale (xyz 1 1 1))
      (rotate (xyz 0 0 0))
    )
  )

  (module Capacitor_SMD:C_0603_1608Metric_Pad1.05x0.95mm_HandSolder (layer B.Cu) (tedit 5B301BBE) (tstamp 5FA07345)
    (at 155.735 129.145 270)
    (descr "Capacitor SMD 0603 (1608 Metric), square (rectangular) end terminal, IPC_7351 nominal with elongated pad for handsoldering. (Body size source: http://www.tortai-tech.com/upload/download/2011102023233369053.pdf), generated with kicad-footprint-generator")
    (tags "capacitor handsolder")
    (path /5F562A6B/5F5F1351)
    (attr smd)
    (fp_text reference C7 (at 0 1.43 270) (layer B.SilkS)
      (effects (font (size 1 1) (thickness 0.15)) (justify mirror))
    )
    (fp_text value 4n7 (at 0 -1.43 270) (layer B.Fab)
      (effects (font (size 1 1) (thickness 0.15)) (justify mirror))
    )
    (fp_line (start 1.65 -0.73) (end -1.65 -0.73) (layer B.CrtYd) (width 0.05))
    (fp_line (start 1.65 0.73) (end 1.65 -0.73) (layer B.CrtYd) (width 0.05))
    (fp_line (start -1.65 0.73) (end 1.65 0.73) (layer B.CrtYd) (width 0.05))
    (fp_line (start -1.65 -0.73) (end -1.65 0.73) (layer B.CrtYd) (width 0.05))
    (fp_line (start -0.171267 -0.51) (end 0.171267 -0.51) (layer B.SilkS) (width 0.12))
    (fp_line (start -0.171267 0.51) (end 0.171267 0.51) (layer B.SilkS) (width 0.12))
    (fp_line (start 0.8 -0.4) (end -0.8 -0.4) (layer B.Fab) (width 0.1))
    (fp_line (start 0.8 0.4) (end 0.8 -0.4) (layer B.Fab) (width 0.1))
    (fp_line (start -0.8 0.4) (end 0.8 0.4) (layer B.Fab) (width 0.1))
    (fp_line (start -0.8 -0.4) (end -0.8 0.4) (layer B.Fab) (width 0.1))
    (fp_text user %R (at 0 0 270) (layer B.Fab)
      (effects (font (size 0.4 0.4) (thickness 0.06)) (justify mirror))
    )
    (pad 2 smd roundrect (at 0.875 0 270) (size 1.05 0.95) (layers B.Cu B.Paste B.Mask) (roundrect_rratio 0.25)
      (net 1 GND))
    (pad 1 smd roundrect (at -0.875 0 270) (size 1.05 0.95) (layers B.Cu B.Paste B.Mask) (roundrect_rratio 0.25)
      (net 37 "Net-(C7-Pad1)"))
    (model ${KISYS3DMOD}/Capacitor_SMD.3dshapes/C_0603_1608Metric.wrl
      (at (xyz 0 0 0))
      (scale (xyz 1 1 1))
      (rotate (xyz 0 0 0))
    )
  )

  (module Capacitor_SMD:C_0603_1608Metric_Pad1.05x0.95mm_HandSolder (layer B.Cu) (tedit 5B301BBE) (tstamp 5FA07334)
    (at 155.1 122.795 270)
    (descr "Capacitor SMD 0603 (1608 Metric), square (rectangular) end terminal, IPC_7351 nominal with elongated pad for handsoldering. (Body size source: http://www.tortai-tech.com/upload/download/2011102023233369053.pdf), generated with kicad-footprint-generator")
    (tags "capacitor handsolder")
    (path /5F562A6B/5F5F1365)
    (attr smd)
    (fp_text reference C6 (at 0 1.43 270) (layer B.SilkS)
      (effects (font (size 1 1) (thickness 0.15)) (justify mirror))
    )
    (fp_text value 100p (at 0 -1.43 270) (layer B.Fab)
      (effects (font (size 1 1) (thickness 0.15)) (justify mirror))
    )
    (fp_line (start 1.65 -0.73) (end -1.65 -0.73) (layer B.CrtYd) (width 0.05))
    (fp_line (start 1.65 0.73) (end 1.65 -0.73) (layer B.CrtYd) (width 0.05))
    (fp_line (start -1.65 0.73) (end 1.65 0.73) (layer B.CrtYd) (width 0.05))
    (fp_line (start -1.65 -0.73) (end -1.65 0.73) (layer B.CrtYd) (width 0.05))
    (fp_line (start -0.171267 -0.51) (end 0.171267 -0.51) (layer B.SilkS) (width 0.12))
    (fp_line (start -0.171267 0.51) (end 0.171267 0.51) (layer B.SilkS) (width 0.12))
    (fp_line (start 0.8 -0.4) (end -0.8 -0.4) (layer B.Fab) (width 0.1))
    (fp_line (start 0.8 0.4) (end 0.8 -0.4) (layer B.Fab) (width 0.1))
    (fp_line (start -0.8 0.4) (end 0.8 0.4) (layer B.Fab) (width 0.1))
    (fp_line (start -0.8 -0.4) (end -0.8 0.4) (layer B.Fab) (width 0.1))
    (fp_text user %R (at 0 0 270) (layer B.Fab)
      (effects (font (size 0.4 0.4) (thickness 0.06)) (justify mirror))
    )
    (pad 2 smd roundrect (at 0.875 0 270) (size 1.05 0.95) (layers B.Cu B.Paste B.Mask) (roundrect_rratio 0.25)
      (net 36 "Net-(C6-Pad2)"))
    (pad 1 smd roundrect (at -0.875 0 270) (size 1.05 0.95) (layers B.Cu B.Paste B.Mask) (roundrect_rratio 0.25)
      (net 23 "Net-(C6-Pad1)"))
    (model ${KISYS3DMOD}/Capacitor_SMD.3dshapes/C_0603_1608Metric.wrl
      (at (xyz 0 0 0))
      (scale (xyz 1 1 1))
      (rotate (xyz 0 0 0))
    )
  )

  (module Capacitor_SMD:C_0603_1608Metric_Pad1.05x0.95mm_HandSolder (layer B.Cu) (tedit 5B301BBE) (tstamp 5FA07323)
    (at 136.05 125.095 90)
    (descr "Capacitor SMD 0603 (1608 Metric), square (rectangular) end terminal, IPC_7351 nominal with elongated pad for handsoldering. (Body size source: http://www.tortai-tech.com/upload/download/2011102023233369053.pdf), generated with kicad-footprint-generator")
    (tags "capacitor handsolder")
    (path /5F562A6B/5F5F137F)
    (attr smd)
    (fp_text reference C5 (at 0 1.43 90) (layer B.SilkS)
      (effects (font (size 1 1) (thickness 0.15)) (justify mirror))
    )
    (fp_text value 100p (at 0 -1.43 90) (layer B.Fab)
      (effects (font (size 1 1) (thickness 0.15)) (justify mirror))
    )
    (fp_line (start 1.65 -0.73) (end -1.65 -0.73) (layer B.CrtYd) (width 0.05))
    (fp_line (start 1.65 0.73) (end 1.65 -0.73) (layer B.CrtYd) (width 0.05))
    (fp_line (start -1.65 0.73) (end 1.65 0.73) (layer B.CrtYd) (width 0.05))
    (fp_line (start -1.65 -0.73) (end -1.65 0.73) (layer B.CrtYd) (width 0.05))
    (fp_line (start -0.171267 -0.51) (end 0.171267 -0.51) (layer B.SilkS) (width 0.12))
    (fp_line (start -0.171267 0.51) (end 0.171267 0.51) (layer B.SilkS) (width 0.12))
    (fp_line (start 0.8 -0.4) (end -0.8 -0.4) (layer B.Fab) (width 0.1))
    (fp_line (start 0.8 0.4) (end 0.8 -0.4) (layer B.Fab) (width 0.1))
    (fp_line (start -0.8 0.4) (end 0.8 0.4) (layer B.Fab) (width 0.1))
    (fp_line (start -0.8 -0.4) (end -0.8 0.4) (layer B.Fab) (width 0.1))
    (fp_text user %R (at 0 0 90) (layer B.Fab)
      (effects (font (size 0.4 0.4) (thickness 0.06)) (justify mirror))
    )
    (pad 2 smd roundrect (at 0.875 0 90) (size 1.05 0.95) (layers B.Cu B.Paste B.Mask) (roundrect_rratio 0.25)
      (net 1 GND))
    (pad 1 smd roundrect (at -0.875 0 90) (size 1.05 0.95) (layers B.Cu B.Paste B.Mask) (roundrect_rratio 0.25)
      (net 10 /CAN_Transceiver/BUS_L))
    (model ${KISYS3DMOD}/Capacitor_SMD.3dshapes/C_0603_1608Metric.wrl
      (at (xyz 0 0 0))
      (scale (xyz 1 1 1))
      (rotate (xyz 0 0 0))
    )
  )

  (module Capacitor_SMD:C_0603_1608Metric_Pad1.05x0.95mm_HandSolder (layer B.Cu) (tedit 5B301BBE) (tstamp 5FA07312)
    (at 136.05 128.905 90)
    (descr "Capacitor SMD 0603 (1608 Metric), square (rectangular) end terminal, IPC_7351 nominal with elongated pad for handsoldering. (Body size source: http://www.tortai-tech.com/upload/download/2011102023233369053.pdf), generated with kicad-footprint-generator")
    (tags "capacitor handsolder")
    (path /5F562A6B/5F5F1385)
    (attr smd)
    (fp_text reference C4 (at 0 1.43 90) (layer B.SilkS)
      (effects (font (size 1 1) (thickness 0.15)) (justify mirror))
    )
    (fp_text value 100p (at 0 -1.43 90) (layer B.Fab)
      (effects (font (size 1 1) (thickness 0.15)) (justify mirror))
    )
    (fp_line (start 1.65 -0.73) (end -1.65 -0.73) (layer B.CrtYd) (width 0.05))
    (fp_line (start 1.65 0.73) (end 1.65 -0.73) (layer B.CrtYd) (width 0.05))
    (fp_line (start -1.65 0.73) (end 1.65 0.73) (layer B.CrtYd) (width 0.05))
    (fp_line (start -1.65 -0.73) (end -1.65 0.73) (layer B.CrtYd) (width 0.05))
    (fp_line (start -0.171267 -0.51) (end 0.171267 -0.51) (layer B.SilkS) (width 0.12))
    (fp_line (start -0.171267 0.51) (end 0.171267 0.51) (layer B.SilkS) (width 0.12))
    (fp_line (start 0.8 -0.4) (end -0.8 -0.4) (layer B.Fab) (width 0.1))
    (fp_line (start 0.8 0.4) (end 0.8 -0.4) (layer B.Fab) (width 0.1))
    (fp_line (start -0.8 0.4) (end 0.8 0.4) (layer B.Fab) (width 0.1))
    (fp_line (start -0.8 -0.4) (end -0.8 0.4) (layer B.Fab) (width 0.1))
    (fp_text user %R (at 0 0 90) (layer B.Fab)
      (effects (font (size 0.4 0.4) (thickness 0.06)) (justify mirror))
    )
    (pad 2 smd roundrect (at 0.875 0 90) (size 1.05 0.95) (layers B.Cu B.Paste B.Mask) (roundrect_rratio 0.25)
      (net 1 GND))
    (pad 1 smd roundrect (at -0.875 0 90) (size 1.05 0.95) (layers B.Cu B.Paste B.Mask) (roundrect_rratio 0.25)
      (net 9 /CAN_Transceiver/BUS_H))
    (model ${KISYS3DMOD}/Capacitor_SMD.3dshapes/C_0603_1608Metric.wrl
      (at (xyz 0 0 0))
      (scale (xyz 1 1 1))
      (rotate (xyz 0 0 0))
    )
  )

  (module Capacitor_SMD:C_0603_1608Metric_Pad1.05x0.95mm_HandSolder (layer F.Cu) (tedit 5B301BBE) (tstamp 5FA2D052)
    (at 122.08 119.38 90)
    (descr "Capacitor SMD 0603 (1608 Metric), square (rectangular) end terminal, IPC_7351 nominal with elongated pad for handsoldering. (Body size source: http://www.tortai-tech.com/upload/download/2011102023233369053.pdf), generated with kicad-footprint-generator")
    (tags "capacitor handsolder")
    (path /5F52EFB7/5FB0CD60)
    (attr smd)
    (fp_text reference C1 (at 0 -1.43 90) (layer F.SilkS)
      (effects (font (size 1 1) (thickness 0.15)))
    )
    (fp_text value 10n (at 0 1.43 90) (layer F.Fab)
      (effects (font (size 1 1) (thickness 0.15)))
    )
    (fp_line (start 1.65 0.73) (end -1.65 0.73) (layer F.CrtYd) (width 0.05))
    (fp_line (start 1.65 -0.73) (end 1.65 0.73) (layer F.CrtYd) (width 0.05))
    (fp_line (start -1.65 -0.73) (end 1.65 -0.73) (layer F.CrtYd) (width 0.05))
    (fp_line (start -1.65 0.73) (end -1.65 -0.73) (layer F.CrtYd) (width 0.05))
    (fp_line (start -0.171267 0.51) (end 0.171267 0.51) (layer F.SilkS) (width 0.12))
    (fp_line (start -0.171267 -0.51) (end 0.171267 -0.51) (layer F.SilkS) (width 0.12))
    (fp_line (start 0.8 0.4) (end -0.8 0.4) (layer F.Fab) (width 0.1))
    (fp_line (start 0.8 -0.4) (end 0.8 0.4) (layer F.Fab) (width 0.1))
    (fp_line (start -0.8 -0.4) (end 0.8 -0.4) (layer F.Fab) (width 0.1))
    (fp_line (start -0.8 0.4) (end -0.8 -0.4) (layer F.Fab) (width 0.1))
    (fp_text user %R (at 0 0 90) (layer F.Fab)
      (effects (font (size 0.4 0.4) (thickness 0.06)))
    )
