(kicad_pcb (version 20171130) (host pcbnew "(5.1.8)-1")

  (general
    (thickness 1.6)
    (drawings 34)
    (tracks 35)
    (zones 0)
    (modules 60)
    (nets 50)
  )

  (page A4)
  (layers
    (0 F.Cu signal)
    (31 B.Cu signal)
    (32 B.Adhes user)
    (33 F.Adhes user)
    (34 B.Paste user)
    (35 F.Paste user)
    (36 B.SilkS user)
    (37 F.SilkS user)
    (38 B.Mask user)
    (39 F.Mask user)
    (40 Dwgs.User user)
    (41 Cmts.User user)
    (42 Eco1.User user)
    (43 Eco2.User user)
    (44 Edge.Cuts user)
    (45 Margin user)
    (46 B.CrtYd user)
    (47 F.CrtYd user)
    (48 B.Fab user)
    (49 F.Fab user)
  )

  (setup
    (last_trace_width 0.25)
    (trace_clearance 0.2)
    (zone_clearance 0.508)
    (zone_45_only no)
    (trace_min 0.2)
    (via_size 0.8)
    (via_drill 0.4)
    (via_min_size 0.4)
    (via_min_drill 0.3)
    (uvia_size 0.3)
    (uvia_drill 0.1)
    (uvias_allowed no)
    (uvia_min_size 0.2)
    (uvia_min_drill 0.1)
    (edge_width 0.05)
    (segment_width 0.2)
    (pcb_text_width 0.3)
    (pcb_text_size 1.5 1.5)
    (mod_edge_width 0.12)
    (mod_text_size 1 1)
    (mod_text_width 0.15)
    (pad_size 4 4)
    (pad_drill 3.2)
    (pad_to_mask_clearance 0.05)
    (aux_axis_origin 0 0)
    (visible_elements 7FFFF7FF)
    (pcbplotparams
      (layerselection 0x010fc_ffffffff)
      (usegerberextensions false)
      (usegerberattributes true)
      (usegerberadvancedattributes true)
      (creategerberjobfile true)
      (excludeedgelayer true)
      (linewidth 0.100000)
      (plotframeref false)
      (viasonmask false)
      (mode 1)
      (useauxorigin false)
      (hpglpennumber 1)
      (hpglpenspeed 20)
      (hpglpendiameter 15.000000)
      (psnegative false)
      (psa4output false)
      (plotreference true)
      (plotvalue true)
      (plotinvisibletext false)
      (padsonsilk false)
      (subtractmaskfromsilk false)
      (outputformat 1)
      (mirror false)
      (drillshape 1)
      (scaleselection 1)
      (outputdirectory ""))
  )

  (net 0 "")
  (net 1 GND)
  (net 2 /CAN_Transceiver/CAN_Tx)
  (net 3 /CAN_Transceiver/CAN_Rx)
  (net 4 /MCU/WiFi_Mode)
  (net 5 /MCU/MTDI)
  (net 6 /MCU/MTDO)
  (net 7 /MCU/MTCK)
  (net 8 /MCU/MTMS)
  (net 9 /CAN_Transceiver/BUS_H)
  (net 10 /CAN_Transceiver/BUS_L)
  (net 11 /MCU/Indicator_Error)
  (net 12 /MCU/Indicator_AP_Mode)
  (net 13 "Net-(D4-Pad1)")
  (net 14 "Net-(D5-Pad1)")
  (net 15 /MCU/Indicator_STA_Mode)
  (net 16 +3V3)
  (net 17 /Connector/OBD_VDD)
  (net 18 /MCU/GPIO_4)
  (net 19 /MCU/GPIO_3)
  (net 20 /MCU/GPIO_2)
  (net 21 /MCU/GPIO_1)
  (net 22 /MCU/OBD_Voltage_Check)
  (net 23 "Net-(C6-Pad1)")
  (net 24 "Net-(D6-Pad1)")
  (net 25 /Connector/Pin_7)
  (net 26 /Connector/Pin_5)
  (net 27 /Connector/Pin_3)
  (net 28 /Connector/Pin_2)
  (net 29 /Connector/CAN_Mode)
  (net 30 "Net-(Q1-Pad1)")
  (net 31 +5V)
  (net 32 "Net-(D3-Pad1)")
  (net 33 "Net-(D7-Pad2)")
  (net 34 "Net-(C6-Pad2)")
  (net 35 "Net-(C7-Pad1)")
  (net 36 "Net-(J2-Pad2)")
  (net 37 "Net-(J2-Pad4)")
  (net 38 "Net-(J2-Pad6)")
  (net 39 "Net-(J2-Pad8)")
  (net 40 "Net-(L1-Pad1)")
  (net 41 "Net-(R3-Pad2)")
  (net 42 "Net-(C2-Pad1)")
  (net 43 "Net-(C3-Pad1)")
  (net 44 "Net-(C12-Pad1)")
  (net 45 "Net-(D8-Pad1)")
  (net 46 /Connector/~OBD~\CAN)
  (net 47 "Net-(C16-Pad1)")
  (net 48 "Net-(IC1-Pad8)")
  (net 49 "Net-(R19-Pad2)")

  (net_class Default "This is the default net class."
    (clearance 0.2)
    (trace_width 0.25)
    (via_dia 0.8)
    (via_drill 0.4)
    (uvia_dia 0.3)
    (uvia_drill 0.1)
    (add_net +3V3)
    (add_net +5V)
    (add_net /CAN_Transceiver/BUS_H)
    (add_net /CAN_Transceiver/BUS_L)
    (add_net /CAN_Transceiver/CAN_Rx)
    (add_net /CAN_Transceiver/CAN_Tx)
    (add_net /Connector/CAN_Mode)
    (add_net /Connector/OBD_VDD)
    (add_net /Connector/Pin_2)
    (add_net /Connector/Pin_3)
    (add_net /Connector/Pin_5)
    (add_net /Connector/Pin_7)
    (add_net /Connector/~OBD~\CAN)
    (add_net /MCU/GPIO_1)
    (add_net /MCU/GPIO_2)
    (add_net /MCU/GPIO_3)
    (add_net /MCU/GPIO_4)
    (add_net /MCU/Indicator_AP_Mode)
    (add_net /MCU/Indicator_Error)
    (add_net /MCU/Indicator_STA_Mode)
    (add_net /MCU/MTCK)
    (add_net /MCU/MTDI)
    (add_net /MCU/MTDO)
    (add_net /MCU/MTMS)
    (add_net /MCU/OBD_Voltage_Check)
    (add_net /MCU/WiFi_Mode)
    (add_net GND)
    (add_net "Net-(C12-Pad1)")
    (add_net "Net-(C16-Pad1)")
    (add_net "Net-(C2-Pad1)")
    (add_net "Net-(C3-Pad1)")
    (add_net "Net-(C6-Pad1)")
    (add_net "Net-(C6-Pad2)")
    (add_net "Net-(C7-Pad1)")
    (add_net "Net-(D3-Pad1)")
    (add_net "Net-(D4-Pad1)")
    (add_net "Net-(D5-Pad1)")
    (add_net "Net-(D6-Pad1)")
    (add_net "Net-(D7-Pad2)")
    (add_net "Net-(D8-Pad1)")
    (add_net "Net-(IC1-Pad8)")
    (add_net "Net-(J1-Pad1)")
    (add_net "Net-(J1-Pad11)")
    (add_net "Net-(J1-Pad3)")
    (add_net "Net-(J1-Pad5)")
    (add_net "Net-(J1-Pad7)")
    (add_net "Net-(J1-Pad9)")
    (add_net "Net-(J2-Pad10)")
    (add_net "Net-(J2-Pad2)")
    (add_net "Net-(J2-Pad4)")
    (add_net "Net-(J2-Pad6)")
    (add_net "Net-(J2-Pad8)")
    (add_net "Net-(J3-Pad1)")
    (add_net "Net-(J3-Pad4)")
    (add_net "Net-(J3-Pad6)")
    (add_net "Net-(J3-Pad8)")
    (add_net "Net-(L1-Pad1)")
    (add_net "Net-(Q1-Pad1)")
    (add_net "Net-(R19-Pad2)")
    (add_net "Net-(R3-Pad2)")
    (add_net "Net-(U2-Pad1)")
    (add_net "Net-(U2-Pad16)")
    (add_net "Net-(U2-Pad17)")
    (add_net "Net-(U2-Pad18)")
    (add_net "Net-(U2-Pad19)")
    (add_net "Net-(U2-Pad2)")
    (add_net "Net-(U2-Pad24)")
    (add_net "Net-(U2-Pad25)")
    (add_net "Net-(U2-Pad3)")
    (add_net "Net-(U2-Pad4)")
  )

  (module Package_SO:VSSOP-8_3.0x3.0mm_P0.65mm (layer F.Cu) (tedit 5A02F25C) (tstamp 5FACEB57)
    (at 146.05 102.87)
    (descr "VSSOP-8 3.0 x 3.0, http://www.ti.com/lit/ds/symlink/lm75b.pdf")
    (tags "VSSOP-8 3.0 x 3.0")
    (path /5F52EFB7/5FB078C3)
    (attr smd)
    (fp_text reference U1 (at 0 -2.5) (layer F.SilkS)
      (effects (font (size 1 1) (thickness 0.15)))
    )
    (fp_text value TPS62170DGK (at 0.02 2.73) (layer F.Fab)
      (effects (font (size 1 1) (thickness 0.15)))
    )
    (fp_line (start 1.5 -1.5) (end 1.5 1.5) (layer F.Fab) (width 0.1))
    (fp_line (start 1.5 1.5) (end -1.5 1.5) (layer F.Fab) (width 0.1))
    (fp_line (start -1.5 1.5) (end -1.5 -0.5) (layer F.Fab) (width 0.1))
    (fp_line (start -0.5 -1.5) (end 1.5 -1.5) (layer F.Fab) (width 0.1))
    (fp_line (start -0.5 -1.5) (end -1.5 -0.5) (layer F.Fab) (width 0.1))
    (fp_line (start 0 -1.62) (end -3 -1.62) (layer F.SilkS) (width 0.12))
    (fp_line (start 1 1.62) (end -1 1.62) (layer F.SilkS) (width 0.12))
    (fp_line (start 3.48 -1.75) (end 3.48 1.75) (layer F.CrtYd) (width 0.05))
    (fp_line (start 3.48 1.75) (end -3.48 1.75) (layer F.CrtYd) (width 0.05))
    (fp_line (start -3.48 1.75) (end -3.48 -1.75) (layer F.CrtYd) (width 0.05))
    (fp_line (start -3.48 -1.75) (end 3.48 -1.75) (layer F.CrtYd) (width 0.05))
    (fp_text user %R (at -0.127 0) (layer F.Fab)
      (effects (font (size 0.5 0.5) (thickness 0.1)))
    )
    (pad 8 smd rect (at 2.2 -0.975 270) (size 0.45 1.45) (layers F.Cu F.Paste F.Mask)
      (net 41 "Net-(R3-Pad2)"))
    (pad 7 smd rect (at 2.2 -0.325 270) (size 0.45 1.45) (layers F.Cu F.Paste F.Mask)
      (net 40 "Net-(L1-Pad1)"))
    (pad 6 smd rect (at 2.2 0.325 270) (size 0.45 1.45) (layers F.Cu F.Paste F.Mask)
      (net 43 "Net-(C3-Pad1)"))
    (pad 5 smd rect (at 2.2 0.975 270) (size 0.45 1.45) (layers F.Cu F.Paste F.Mask)
      (net 49 "Net-(R19-Pad2)"))
    (pad 4 smd rect (at -2.2 0.975 270) (size 0.45 1.45) (layers F.Cu F.Paste F.Mask)
      (net 1 GND))
    (pad 3 smd rect (at -2.2 0.325 270) (size 0.45 1.45) (layers F.Cu F.Paste F.Mask)
      (net 42 "Net-(C2-Pad1)"))
    (pad 2 smd rect (at -2.2 -0.325 270) (size 0.45 1.45) (layers F.Cu F.Paste F.Mask)
      (net 42 "Net-(C2-Pad1)"))
    (pad 1 smd rect (at -2.2 -0.975 270) (size 0.45 1.45) (layers F.Cu F.Paste F.Mask)
      (net 1 GND))
    (model ${KISYS3DMOD}/Package_SO.3dshapes/VSSOP-8_3.0x3.0mm_P0.65mm.wrl
      (at (xyz 0 0 0))
      (scale (xyz 1 1 1))
      (rotate (xyz 0 0 0))
    )
  )

  (module Resistor_SMD:R_0603_1608Metric_Pad0.98x0.95mm_HandSolder (layer F.Cu) (tedit 5F68FEEE) (tstamp 5FACCE7B)
    (at 75.0335 84.074 180)
    (descr "Resistor SMD 0603 (1608 Metric), square (rectangular) end terminal, IPC_7351 nominal with elongated pad for handsoldering. (Body size source: IPC-SM-782 page 72, https://www.pcb-3d.com/wordpress/wp-content/uploads/ipc-sm-782a_amendment_1_and_2.pdf), generated with kicad-footprint-generator")
    (tags "resistor handsolder")
    (path /5F562A6B/5FBDD81B)
    (attr smd)
    (fp_text reference R21 (at 0 -1.43) (layer F.SilkS)
      (effects (font (size 1 1) (thickness 0.15)))
    )
    (fp_text value 0 (at 0 1.43) (layer F.Fab)
      (effects (font (size 1 1) (thickness 0.15)))
    )
    (fp_line (start 1.65 0.73) (end -1.65 0.73) (layer F.CrtYd) (width 0.05))
    (fp_line (start 1.65 -0.73) (end 1.65 0.73) (layer F.CrtYd) (width 0.05))
    (fp_line (start -1.65 -0.73) (end 1.65 -0.73) (layer F.CrtYd) (width 0.05))
    (fp_line (start -1.65 0.73) (end -1.65 -0.73) (layer F.CrtYd) (width 0.05))
    (fp_line (start -0.254724 0.5225) (end 0.254724 0.5225) (layer F.SilkS) (width 0.12))
    (fp_line (start -0.254724 -0.5225) (end 0.254724 -0.5225) (layer F.SilkS) (width 0.12))
    (fp_line (start 0.8 0.4125) (end -0.8 0.4125) (layer F.Fab) (width 0.1))
    (fp_line (start 0.8 -0.4125) (end 0.8 0.4125) (layer F.Fab) (width 0.1))
    (fp_line (start -0.8 -0.4125) (end 0.8 -0.4125) (layer F.Fab) (width 0.1))
    (fp_line (start -0.8 0.4125) (end -0.8 -0.4125) (layer F.Fab) (width 0.1))
    (fp_text user %R (at 0 0) (layer F.Fab)
      (effects (font (size 0.4 0.4) (thickness 0.06)))
    )
    (pad 2 smd roundrect (at 0.9125 0 180) (size 0.975 0.95) (layers F.Cu F.Paste F.Mask) (roundrect_rratio 0.25)
      (net 1 GND))
    (pad 1 smd roundrect (at -0.9125 0 180) (size 0.975 0.95) (layers F.Cu F.Paste F.Mask) (roundrect_rratio 0.25)
      (net 48 "Net-(IC1-Pad8)"))
    (model ${KISYS3DMOD}/Resistor_SMD.3dshapes/R_0603_1608Metric.wrl
      (at (xyz 0 0 0))
      (scale (xyz 1 1 1))
      (rotate (xyz 0 0 0))
    )
  )

  (module Resistor_SMD:R_0603_1608Metric_Pad0.98x0.95mm_HandSolder (layer F.Cu) (tedit 5F68FEEE) (tstamp 5FACCE6A)
    (at 154.051 105.029 270)
    (descr "Resistor SMD 0603 (1608 Metric), square (rectangular) end terminal, IPC_7351 nominal with elongated pad for handsoldering. (Body size source: IPC-SM-782 page 72, https://www.pcb-3d.com/wordpress/wp-content/uploads/ipc-sm-782a_amendment_1_and_2.pdf), generated with kicad-footprint-generator")
    (tags "resistor handsolder")
    (path /5F52EFB7/5FAC2DDF)
    (attr smd)
    (fp_text reference R20 (at 3.302 -0.127 90) (layer F.SilkS)
      (effects (font (size 1 1) (thickness 0.15)))
    )
    (fp_text value 180k (at 0 -1.397 90) (layer F.Fab)
      (effects (font (size 1 1) (thickness 0.15)))
    )
    (fp_line (start 1.65 0.73) (end -1.65 0.73) (layer F.CrtYd) (width 0.05))
    (fp_line (start 1.65 -0.73) (end 1.65 0.73) (layer F.CrtYd) (width 0.05))
    (fp_line (start -1.65 -0.73) (end 1.65 -0.73) (layer F.CrtYd) (width 0.05))
    (fp_line (start -1.65 0.73) (end -1.65 -0.73) (layer F.CrtYd) (width 0.05))
    (fp_line (start -0.254724 0.5225) (end 0.254724 0.5225) (layer F.SilkS) (width 0.12))
    (fp_line (start -0.254724 -0.5225) (end 0.254724 -0.5225) (layer F.SilkS) (width 0.12))
    (fp_line (start 0.8 0.4125) (end -0.8 0.4125) (layer F.Fab) (width 0.1))
    (fp_line (start 0.8 -0.4125) (end 0.8 0.4125) (layer F.Fab) (width 0.1))
    (fp_line (start -0.8 -0.4125) (end 0.8 -0.4125) (layer F.Fab) (width 0.1))
    (fp_line (start -0.8 0.4125) (end -0.8 -0.4125) (layer F.Fab) (width 0.1))
    (fp_text user %R (at 0 0 90) (layer F.Fab)
      (effects (font (size 0.4 0.4) (thickness 0.06)))
    )
    (pad 2 smd roundrect (at 0.9125 0 270) (size 0.975 0.95) (layers F.Cu F.Paste F.Mask) (roundrect_rratio 0.25)
      (net 1 GND))
    (pad 1 smd roundrect (at -0.9125 0 270) (size 0.975 0.95) (layers F.Cu F.Paste F.Mask) (roundrect_rratio 0.25)
      (net 49 "Net-(R19-Pad2)"))
    (model ${KISYS3DMOD}/Resistor_SMD.3dshapes/R_0603_1608Metric.wrl
      (at (xyz 0 0 0))
      (scale (xyz 1 1 1))
      (rotate (xyz 0 0 0))
    )
  )

  (module Resistor_SMD:R_0603_1608Metric_Pad0.98x0.95mm_HandSolder (layer F.Cu) (tedit 5F68FEEE) (tstamp 5FACCE59)
    (at 154.051 101.473 90)
    (descr "Resistor SMD 0603 (1608 Metric), square (rectangular) end terminal, IPC_7351 nominal with elongated pad for handsoldering. (Body size source: IPC-SM-782 page 72, https://www.pcb-3d.com/wordpress/wp-content/uploads/ipc-sm-782a_amendment_1_and_2.pdf), generated with kicad-footprint-generator")
    (tags "resistor handsolder")
    (path /5F52EFB7/5FAC28BD)
    (attr smd)
    (fp_text reference R19 (at 3.175 0.127 90) (layer F.SilkS)
      (effects (font (size 1 1) (thickness 0.15)))
    )
    (fp_text value 953k (at 0 1.43 90) (layer F.Fab)
      (effects (font (size 1 1) (thickness 0.15)))
    )
    (fp_line (start 1.65 0.73) (end -1.65 0.73) (layer F.CrtYd) (width 0.05))
    (fp_line (start 1.65 -0.73) (end 1.65 0.73) (layer F.CrtYd) (width 0.05))
    (fp_line (start -1.65 -0.73) (end 1.65 -0.73) (layer F.CrtYd) (width 0.05))
    (fp_line (start -1.65 0.73) (end -1.65 -0.73) (layer F.CrtYd) (width 0.05))
    (fp_line (start -0.254724 0.5225) (end 0.254724 0.5225) (layer F.SilkS) (width 0.12))
    (fp_line (start -0.254724 -0.5225) (end 0.254724 -0.5225) (layer F.SilkS) (width 0.12))
    (fp_line (start 0.8 0.4125) (end -0.8 0.4125) (layer F.Fab) (width 0.1))
    (fp_line (start 0.8 -0.4125) (end 0.8 0.4125) (layer F.Fab) (width 0.1))
    (fp_line (start -0.8 -0.4125) (end 0.8 -0.4125) (layer F.Fab) (width 0.1))
    (fp_line (start -0.8 0.4125) (end -0.8 -0.4125) (layer F.Fab) (width 0.1))
    (fp_text user %R (at 0 0 90) (layer F.Fab)
      (effects (font (size 0.4 0.4) (thickness 0.06)))
    )
    (pad 2 smd roundrect (at 0.9125 0 90) (size 0.975 0.95) (layers F.Cu F.Paste F.Mask) (roundrect_rratio 0.25)
      (net 49 "Net-(R19-Pad2)"))
    (pad 1 smd roundrect (at -0.9125 0 90) (size 0.975 0.95) (layers F.Cu F.Paste F.Mask) (roundrect_rratio 0.25)
      (net 43 "Net-(C3-Pad1)"))
    (model ${KISYS3DMOD}/Resistor_SMD.3dshapes/R_0603_1608Metric.wrl
      (at (xyz 0 0 0))
      (scale (xyz 1 1 1))
      (rotate (xyz 0 0 0))
    )
  )

  (module Resistor_SMD:R_0603_1608Metric_Pad0.98x0.95mm_HandSolder (layer B.Cu) (tedit 5F68FEEE) (tstamp 5FAAB3E9)
    (at 74.1445 111.125 180)
    (descr "Resistor SMD 0603 (1608 Metric), square (rectangular) end terminal, IPC_7351 nominal with elongated pad for handsoldering. (Body size source: IPC-SM-782 page 72, https://www.pcb-3d.com/wordpress/wp-content/uploads/ipc-sm-782a_amendment_1_and_2.pdf), generated with kicad-footprint-generator")
    (tags "resistor handsolder")
    (path /5FA55ABF/5FB372EA)
    (attr smd)
    (fp_text reference R18 (at 0 1.43) (layer B.SilkS)
      (effects (font (size 1 1) (thickness 0.15)) (justify mirror))
    )
    (fp_text value 150 (at 0 -1.43) (layer B.Fab)
      (effects (font (size 1 1) (thickness 0.15)) (justify mirror))
    )
    (fp_line (start 1.65 -0.73) (end -1.65 -0.73) (layer B.CrtYd) (width 0.05))
    (fp_line (start 1.65 0.73) (end 1.65 -0.73) (layer B.CrtYd) (width 0.05))
    (fp_line (start -1.65 0.73) (end 1.65 0.73) (layer B.CrtYd) (width 0.05))
    (fp_line (start -1.65 -0.73) (end -1.65 0.73) (layer B.CrtYd) (width 0.05))
    (fp_line (start -0.254724 -0.5225) (end 0.254724 -0.5225) (layer B.SilkS) (width 0.12))
    (fp_line (start -0.254724 0.5225) (end 0.254724 0.5225) (layer B.SilkS) (width 0.12))
    (fp_line (start 0.8 -0.4125) (end -0.8 -0.4125) (layer B.Fab) (width 0.1))
    (fp_line (start 0.8 0.4125) (end 0.8 -0.4125) (layer B.Fab) (width 0.1))
    (fp_line (start -0.8 0.4125) (end 0.8 0.4125) (layer B.Fab) (width 0.1))
    (fp_line (start -0.8 -0.4125) (end -0.8 0.4125) (layer B.Fab) (width 0.1))
    (fp_text user %R (at 0 0) (layer B.Fab)
      (effects (font (size 0.4 0.4) (thickness 0.06)) (justify mirror))
    )
    (pad 2 smd roundrect (at 0.9125 0 180) (size 0.975 0.95) (layers B.Cu B.Paste B.Mask) (roundrect_rratio 0.25)
      (net 1 GND))
    (pad 1 smd roundrect (at -0.9125 0 180) (size 0.975 0.95) (layers B.Cu B.Paste B.Mask) (roundrect_rratio 0.25)
      (net 30 "Net-(Q1-Pad1)"))
    (model ${KISYS3DMOD}/Resistor_SMD.3dshapes/R_0603_1608Metric.wrl
      (at (xyz 0 0 0))
      (scale (xyz 1 1 1))
      (rotate (xyz 0 0 0))
    )
  )

  (module Resistor_SMD:R_0603_1608Metric_Pad0.98x0.95mm_HandSolder (layer B.Cu) (tedit 5F68FEEE) (tstamp 5FA2D420)
    (at 74.1445 113.284 180)
    (descr "Resistor SMD 0603 (1608 Metric), square (rectangular) end terminal, IPC_7351 nominal with elongated pad for handsoldering. (Body size source: IPC-SM-782 page 72, https://www.pcb-3d.com/wordpress/wp-content/uploads/ipc-sm-782a_amendment_1_and_2.pdf), generated with kicad-footprint-generator")
    (tags "resistor handsolder")
    (path /5FA55ABF/5FB379FD)
    (attr smd)
    (fp_text reference R17 (at -0.1505 -1.778 180) (layer B.SilkS)
      (effects (font (size 1 1) (thickness 0.15)) (justify mirror))
    )
    (fp_text value 430 (at 0 -1.43 180) (layer B.Fab)
      (effects (font (size 1 1) (thickness 0.15)) (justify mirror))
    )
    (fp_line (start 1.65 -0.73) (end -1.65 -0.73) (layer B.CrtYd) (width 0.05))
    (fp_line (start 1.65 0.73) (end 1.65 -0.73) (layer B.CrtYd) (width 0.05))
    (fp_line (start -1.65 0.73) (end 1.65 0.73) (layer B.CrtYd) (width 0.05))
    (fp_line (start -1.65 -0.73) (end -1.65 0.73) (layer B.CrtYd) (width 0.05))
    (fp_line (start -0.254724 -0.5225) (end 0.254724 -0.5225) (layer B.SilkS) (width 0.12))
    (fp_line (start -0.254724 0.5225) (end 0.254724 0.5225) (layer B.SilkS) (width 0.12))
    (fp_line (start 0.8 -0.4125) (end -0.8 -0.4125) (layer B.Fab) (width 0.1))
    (fp_line (start 0.8 0.4125) (end 0.8 -0.4125) (layer B.Fab) (width 0.1))
    (fp_line (start -0.8 0.4125) (end 0.8 0.4125) (layer B.Fab) (width 0.1))
    (fp_line (start -0.8 -0.4125) (end -0.8 0.4125) (layer B.Fab) (width 0.1))
    (fp_text user %R (at 0 0 180) (layer B.Fab)
      (effects (font (size 0.4 0.4) (thickness 0.06)) (justify mirror))
    )
    (pad 2 smd roundrect (at 0.9125 0 180) (size 0.975 0.95) (layers B.Cu B.Paste B.Mask) (roundrect_rratio 0.25)
      (net 46 /Connector/~OBD~\CAN))
    (pad 1 smd roundrect (at -0.9125 0 180) (size 0.975 0.95) (layers B.Cu B.Paste B.Mask) (roundrect_rratio 0.25)
      (net 30 "Net-(Q1-Pad1)"))
    (model ${KISYS3DMOD}/Resistor_SMD.3dshapes/R_0603_1608Metric.wrl
      (at (xyz 0 0 0))
      (scale (xyz 1 1 1))
      (rotate (xyz 0 0 0))
    )
  )

  (module Resistor_SMD:R_0603_1608Metric_Pad0.98x0.95mm_HandSolder (layer F.Cu) (tedit 5F68FEEE) (tstamp 5FA2D40F)
    (at 54.229 113.5145 270)
    (descr "Resistor SMD 0603 (1608 Metric), square (rectangular) end terminal, IPC_7351 nominal with elongated pad for handsoldering. (Body size source: IPC-SM-782 page 72, https://www.pcb-3d.com/wordpress/wp-content/uploads/ipc-sm-782a_amendment_1_and_2.pdf), generated with kicad-footprint-generator")
    (tags "resistor handsolder")
    (path /5FA55ABF/5FB5FD29)
    (attr smd)
    (fp_text reference R16 (at 0 -1.43 90) (layer F.SilkS)
      (effects (font (size 1 1) (thickness 0.15)))
    )
    (fp_text value 500 (at 0 1.43 90) (layer F.Fab)
      (effects (font (size 1 1) (thickness 0.15)))
    )
    (fp_line (start 1.65 0.73) (end -1.65 0.73) (layer F.CrtYd) (width 0.05))
    (fp_line (start 1.65 -0.73) (end 1.65 0.73) (layer F.CrtYd) (width 0.05))
    (fp_line (start -1.65 -0.73) (end 1.65 -0.73) (layer F.CrtYd) (width 0.05))
    (fp_line (start -1.65 0.73) (end -1.65 -0.73) (layer F.CrtYd) (width 0.05))
    (fp_line (start -0.254724 0.5225) (end 0.254724 0.5225) (layer F.SilkS) (width 0.12))
    (fp_line (start -0.254724 -0.5225) (end 0.254724 -0.5225) (layer F.SilkS) (width 0.12))
    (fp_line (start 0.8 0.4125) (end -0.8 0.4125) (layer F.Fab) (width 0.1))
    (fp_line (start 0.8 -0.4125) (end 0.8 0.4125) (layer F.Fab) (width 0.1))
    (fp_line (start -0.8 -0.4125) (end 0.8 -0.4125) (layer F.Fab) (width 0.1))
    (fp_line (start -0.8 0.4125) (end -0.8 -0.4125) (layer F.Fab) (width 0.1))
    (fp_text user %R (at 0 0 90) (layer F.Fab)
      (effects (font (size 0.4 0.4) (thickness 0.06)))
    )
    (pad 2 smd roundrect (at 0.9125 0 270) (size 0.975 0.95) (layers F.Cu F.Paste F.Mask) (roundrect_rratio 0.25)
      (net 29 /Connector/CAN_Mode))
    (pad 1 smd roundrect (at -0.9125 0 270) (size 0.975 0.95) (layers F.Cu F.Paste F.Mask) (roundrect_rratio 0.25)
      (net 24 "Net-(D6-Pad1)"))
    (model ${KISYS3DMOD}/Resistor_SMD.3dshapes/R_0603_1608Metric.wrl
      (at (xyz 0 0 0))
      (scale (xyz 1 1 1))
      (rotate (xyz 0 0 0))
    )
  )

  (module Resistor_SMD:R_0603_1608Metric_Pad0.98x0.95mm_HandSolder (layer F.Cu) (tedit 5F68FEEE) (tstamp 5FA07560)
    (at 178.1575 102.743)
    (descr "Resistor SMD 0603 (1608 Metric), square (rectangular) end terminal, IPC_7351 nominal with elongated pad for handsoldering. (Body size source: IPC-SM-782 page 72, https://www.pcb-3d.com/wordpress/wp-content/uploads/ipc-sm-782a_amendment_1_and_2.pdf), generated with kicad-footprint-generator")
    (tags "resistor handsolder")
    (path /5F52F099/5F898BC6)
    (attr smd)
    (fp_text reference R15 (at 0 -1.43) (layer F.SilkS)
      (effects (font (size 1 1) (thickness 0.15)))
    )
    (fp_text value 500 (at 0 1.43) (layer F.Fab)
      (effects (font (size 1 1) (thickness 0.15)))
    )
    (fp_line (start 1.65 0.73) (end -1.65 0.73) (layer F.CrtYd) (width 0.05))
    (fp_line (start 1.65 -0.73) (end 1.65 0.73) (layer F.CrtYd) (width 0.05))
    (fp_line (start -1.65 -0.73) (end 1.65 -0.73) (layer F.CrtYd) (width 0.05))
    (fp_line (start -1.65 0.73) (end -1.65 -0.73) (layer F.CrtYd) (width 0.05))
    (fp_line (start -0.254724 0.5225) (end 0.254724 0.5225) (layer F.SilkS) (width 0.12))
    (fp_line (start -0.254724 -0.5225) (end 0.254724 -0.5225) (layer F.SilkS) (width 0.12))
    (fp_line (start 0.8 0.4125) (end -0.8 0.4125) (layer F.Fab) (width 0.1))
    (fp_line (start 0.8 -0.4125) (end 0.8 0.4125) (layer F.Fab) (width 0.1))
    (fp_line (start -0.8 -0.4125) (end 0.8 -0.4125) (layer F.Fab) (width 0.1))
    (fp_line (start -0.8 0.4125) (end -0.8 -0.4125) (layer F.Fab) (width 0.1))
    (fp_text user %R (at 0 0) (layer F.Fab)
      (effects (font (size 0.4 0.4) (thickness 0.06)))
    )
    (pad 2 smd roundrect (at 0.9125 0) (size 0.975 0.95) (layers F.Cu F.Paste F.Mask) (roundrect_rratio 0.25)
      (net 1 GND))
    (pad 1 smd roundrect (at -0.9125 0) (size 0.975 0.95) (layers F.Cu F.Paste F.Mask) (roundrect_rratio 0.25)
      (net 14 "Net-(D5-Pad1)"))
    (model ${KISYS3DMOD}/Resistor_SMD.3dshapes/R_0603_1608Metric.wrl
      (at (xyz 0 0 0))
      (scale (xyz 1 1 1))
      (rotate (xyz 0 0 0))
    )
  )

  (module Resistor_SMD:R_0603_1608Metric_Pad0.98x0.95mm_HandSolder (layer F.Cu) (tedit 5F68FEEE) (tstamp 5FA0754F)
    (at 185.6505 102.87)
    (descr "Resistor SMD 0603 (1608 Metric), square (rectangular) end terminal, IPC_7351 nominal with elongated pad for handsoldering. (Body size source: IPC-SM-782 page 72, https://www.pcb-3d.com/wordpress/wp-content/uploads/ipc-sm-782a_amendment_1_and_2.pdf), generated with kicad-footprint-generator")
    (tags "resistor handsolder")
    (path /5F52F099/5F8972E5)
    (attr smd)
    (fp_text reference R14 (at 0 -1.43) (layer F.SilkS)
      (effects (font (size 1 1) (thickness 0.15)))
    )
    (fp_text value 500 (at 0 1.43) (layer F.Fab)
      (effects (font (size 1 1) (thickness 0.15)))
    )
    (fp_line (start 1.65 0.73) (end -1.65 0.73) (layer F.CrtYd) (width 0.05))
    (fp_line (start 1.65 -0.73) (end 1.65 0.73) (layer F.CrtYd) (width 0.05))
    (fp_line (start -1.65 -0.73) (end 1.65 -0.73) (layer F.CrtYd) (width 0.05))
    (fp_line (start -1.65 0.73) (end -1.65 -0.73) (layer F.CrtYd) (width 0.05))
    (fp_line (start -0.254724 0.5225) (end 0.254724 0.5225) (layer F.SilkS) (width 0.12))
    (fp_line (start -0.254724 -0.5225) (end 0.254724 -0.5225) (layer F.SilkS) (width 0.12))
    (fp_line (start 0.8 0.4125) (end -0.8 0.4125) (layer F.Fab) (width 0.1))
    (fp_line (start 0.8 -0.4125) (end 0.8 0.4125) (layer F.Fab) (width 0.1))
    (fp_line (start -0.8 -0.4125) (end 0.8 -0.4125) (layer F.Fab) (width 0.1))
    (fp_line (start -0.8 0.4125) (end -0.8 -0.4125) (layer F.Fab) (width 0.1))
    (fp_text user %R (at 0 0) (layer F.Fab)
      (effects (font (size 0.4 0.4) (thickness 0.06)))
    )
    (pad 2 smd roundrect (at 0.9125 0) (size 0.975 0.95) (layers F.Cu F.Paste F.Mask) (roundrect_rratio 0.25)
      (net 1 GND))
    (pad 1 smd roundrect (at -0.9125 0) (size 0.975 0.95) (layers F.Cu F.Paste F.Mask) (roundrect_rratio 0.25)
      (net 13 "Net-(D4-Pad1)"))
    (model ${KISYS3DMOD}/Resistor_SMD.3dshapes/R_0603_1608Metric.wrl
      (at (xyz 0 0 0))
      (scale (xyz 1 1 1))
      (rotate (xyz 0 0 0))
    )
  )

  (module Resistor_SMD:R_0603_1608Metric_Pad0.98x0.95mm_HandSolder (layer F.Cu) (tedit 5F68FEEE) (tstamp 5FA0753E)
    (at 180.213 112.903 90)
    (descr "Resistor SMD 0603 (1608 Metric), square (rectangular) end terminal, IPC_7351 nominal with elongated pad for handsoldering. (Body size source: IPC-SM-782 page 72, https://www.pcb-3d.com/wordpress/wp-content/uploads/ipc-sm-782a_amendment_1_and_2.pdf), generated with kicad-footprint-generator")
    (tags "resistor handsolder")
    (path /5F52F099/5F8967E0)
    (attr smd)
    (fp_text reference R13 (at 0 -1.43 90) (layer F.SilkS)
      (effects (font (size 1 1) (thickness 0.15)))
    )
    (fp_text value 500 (at 0 1.43 90) (layer F.Fab)
      (effects (font (size 1 1) (thickness 0.15)))
    )
    (fp_line (start 1.65 0.73) (end -1.65 0.73) (layer F.CrtYd) (width 0.05))
    (fp_line (start 1.65 -0.73) (end 1.65 0.73) (layer F.CrtYd) (width 0.05))
    (fp_line (start -1.65 -0.73) (end 1.65 -0.73) (layer F.CrtYd) (width 0.05))
    (fp_line (start -1.65 0.73) (end -1.65 -0.73) (layer F.CrtYd) (width 0.05))
    (fp_line (start -0.254724 0.5225) (end 0.254724 0.5225) (layer F.SilkS) (width 0.12))
    (fp_line (start -0.254724 -0.5225) (end 0.254724 -0.5225) (layer F.SilkS) (width 0.12))
    (fp_line (start 0.8 0.4125) (end -0.8 0.4125) (layer F.Fab) (width 0.1))
    (fp_line (start 0.8 -0.4125) (end 0.8 0.4125) (layer F.Fab) (width 0.1))
    (fp_line (start -0.8 -0.4125) (end 0.8 -0.4125) (layer F.Fab) (width 0.1))
    (fp_line (start -0.8 0.4125) (end -0.8 -0.4125) (layer F.Fab) (width 0.1))
    (fp_text user %R (at 0 0 90) (layer F.Fab)
      (effects (font (size 0.4 0.4) (thickness 0.06)))
    )
    (pad 2 smd roundrect (at 0.9125 0 90) (size 0.975 0.95) (layers F.Cu F.Paste F.Mask) (roundrect_rratio 0.25)
      (net 1 GND))
    (pad 1 smd roundrect (at -0.9125 0 90) (size 0.975 0.95) (layers F.Cu F.Paste F.Mask) (roundrect_rratio 0.25)
      (net 32 "Net-(D3-Pad1)"))
    (model ${KISYS3DMOD}/Resistor_SMD.3dshapes/R_0603_1608Metric.wrl
      (at (xyz 0 0 0))
      (scale (xyz 1 1 1))
      (rotate (xyz 0 0 0))
    )
  )

  (module Resistor_SMD:R_0603_1608Metric_Pad0.98x0.95mm_HandSolder (layer F.Cu) (tedit 5F68FEEE) (tstamp 5FA1C829)
    (at 171.958 108.67 270)
    (descr "Resistor SMD 0603 (1608 Metric), square (rectangular) end terminal, IPC_7351 nominal with elongated pad for handsoldering. (Body size source: IPC-SM-782 page 72, https://www.pcb-3d.com/wordpress/wp-content/uploads/ipc-sm-782a_amendment_1_and_2.pdf), generated with kicad-footprint-generator")
    (tags "resistor handsolder")
    (path /5F52F099/5F5CF402)
    (attr smd)
    (fp_text reference R12 (at -3.387 0 90) (layer F.SilkS)
      (effects (font (size 1 1) (thickness 0.15)))
    )
    (fp_text value 100 (at 0 1.43 90) (layer F.Fab)
      (effects (font (size 1 1) (thickness 0.15)))
    )
    (fp_line (start 1.65 0.73) (end -1.65 0.73) (layer F.CrtYd) (width 0.05))
    (fp_line (start 1.65 -0.73) (end 1.65 0.73) (layer F.CrtYd) (width 0.05))
    (fp_line (start -1.65 -0.73) (end 1.65 -0.73) (layer F.CrtYd) (width 0.05))
    (fp_line (start -1.65 0.73) (end -1.65 -0.73) (layer F.CrtYd) (width 0.05))
    (fp_line (start -0.254724 0.5225) (end 0.254724 0.5225) (layer F.SilkS) (width 0.12))
    (fp_line (start -0.254724 -0.5225) (end 0.254724 -0.5225) (layer F.SilkS) (width 0.12))
    (fp_line (start 0.8 0.4125) (end -0.8 0.4125) (layer F.Fab) (width 0.1))
    (fp_line (start 0.8 -0.4125) (end 0.8 0.4125) (layer F.Fab) (width 0.1))
    (fp_line (start -0.8 -0.4125) (end 0.8 -0.4125) (layer F.Fab) (width 0.1))
    (fp_line (start -0.8 0.4125) (end -0.8 -0.4125) (layer F.Fab) (width 0.1))
    (fp_text user %R (at 0 0 90) (layer F.Fab)
      (effects (font (size 0.4 0.4) (thickness 0.06)))
    )
    (pad 2 smd roundrect (at 0.9125 0 270) (size 0.975 0.95) (layers F.Cu F.Paste F.Mask) (roundrect_rratio 0.25)
      (net 8 /MCU/MTMS))
    (pad 1 smd roundrect (at -0.9125 0 270) (size 0.975 0.95) (layers F.Cu F.Paste F.Mask) (roundrect_rratio 0.25)
      (net 36 "Net-(J2-Pad2)"))
    (model ${KISYS3DMOD}/Resistor_SMD.3dshapes/R_0603_1608Metric.wrl
      (at (xyz 0 0 0))
      (scale (xyz 1 1 1))
      (rotate (xyz 0 0 0))
    )
  )

  (module Resistor_SMD:R_0603_1608Metric_Pad0.98x0.95mm_HandSolder (layer F.Cu) (tedit 5F68FEEE) (tstamp 5FA0751C)
    (at 174.117 108.67 270)
    (descr "Resistor SMD 0603 (1608 Metric), square (rectangular) end terminal, IPC_7351 nominal with elongated pad for handsoldering. (Body size source: IPC-SM-782 page 72, https://www.pcb-3d.com/wordpress/wp-content/uploads/ipc-sm-782a_amendment_1_and_2.pdf), generated with kicad-footprint-generator")
    (tags "resistor handsolder")
    (path /5F52F099/5F5CEA23)
    (attr smd)
    (fp_text reference R11 (at -3.26 0 90) (layer F.SilkS)
      (effects (font (size 1 1) (thickness 0.15)))
    )
    (fp_text value 100 (at 0 1.43 90) (layer F.Fab)
      (effects (font (size 1 1) (thickness 0.15)))
    )
    (fp_line (start 1.65 0.73) (end -1.65 0.73) (layer F.CrtYd) (width 0.05))
    (fp_line (start 1.65 -0.73) (end 1.65 0.73) (layer F.CrtYd) (width 0.05))
    (fp_line (start -1.65 -0.73) (end 1.65 -0.73) (layer F.CrtYd) (width 0.05))
    (fp_line (start -1.65 0.73) (end -1.65 -0.73) (layer F.CrtYd) (width 0.05))
    (fp_line (start -0.254724 0.5225) (end 0.254724 0.5225) (layer F.SilkS) (width 0.12))
    (fp_line (start -0.254724 -0.5225) (end 0.254724 -0.5225) (layer F.SilkS) (width 0.12))
    (fp_line (start 0.8 0.4125) (end -0.8 0.4125) (layer F.Fab) (width 0.1))
    (fp_line (start 0.8 -0.4125) (end 0.8 0.4125) (layer F.Fab) (width 0.1))
    (fp_line (start -0.8 -0.4125) (end 0.8 -0.4125) (layer F.Fab) (width 0.1))
    (fp_line (start -0.8 0.4125) (end -0.8 -0.4125) (layer F.Fab) (width 0.1))
    (fp_text user %R (at 0 0 90) (layer F.Fab)
      (effects (font (size 0.4 0.4) (thickness 0.06)))
    )
    (pad 2 smd roundrect (at 0.9125 0 270) (size 0.975 0.95) (layers F.Cu F.Paste F.Mask) (roundrect_rratio 0.25)
      (net 7 /MCU/MTCK))
    (pad 1 smd roundrect (at -0.9125 0 270) (size 0.975 0.95) (layers F.Cu F.Paste F.Mask) (roundrect_rratio 0.25)
      (net 37 "Net-(J2-Pad4)"))
    (model ${KISYS3DMOD}/Resistor_SMD.3dshapes/R_0603_1608Metric.wrl
      (at (xyz 0 0 0))
      (scale (xyz 1 1 1))
      (rotate (xyz 0 0 0))
    )
  )

  (module Resistor_SMD:R_0603_1608Metric_Pad0.98x0.95mm_HandSolder (layer F.Cu) (tedit 5F68FEEE) (tstamp 5FA0750B)
    (at 176.403 108.67 270)
    (descr "Resistor SMD 0603 (1608 Metric), square (rectangular) end terminal, IPC_7351 nominal with elongated pad for handsoldering. (Body size source: IPC-SM-782 page 72, https://www.pcb-3d.com/wordpress/wp-content/uploads/ipc-sm-782a_amendment_1_and_2.pdf), generated with kicad-footprint-generator")
    (tags "resistor handsolder")
    (path /5F52F099/5F5CE17F)
    (attr smd)
    (fp_text reference R10 (at -3.26 0 90) (layer F.SilkS)
      (effects (font (size 1 1) (thickness 0.15)))
    )
    (fp_text value 100 (at 0 1.43 90) (layer F.Fab)
      (effects (font (size 1 1) (thickness 0.15)))
    )
    (fp_line (start 1.65 0.73) (end -1.65 0.73) (layer F.CrtYd) (width 0.05))
    (fp_line (start 1.65 -0.73) (end 1.65 0.73) (layer F.CrtYd) (width 0.05))
    (fp_line (start -1.65 -0.73) (end 1.65 -0.73) (layer F.CrtYd) (width 0.05))
    (fp_line (start -1.65 0.73) (end -1.65 -0.73) (layer F.CrtYd) (width 0.05))
    (fp_line (start -0.254724 0.5225) (end 0.254724 0.5225) (layer F.SilkS) (width 0.12))
    (fp_line (start -0.254724 -0.5225) (end 0.254724 -0.5225) (layer F.SilkS) (width 0.12))
    (fp_line (start 0.8 0.4125) (end -0.8 0.4125) (layer F.Fab) (width 0.1))
    (fp_line (start 0.8 -0.4125) (end 0.8 0.4125) (layer F.Fab) (width 0.1))
    (fp_line (start -0.8 -0.4125) (end 0.8 -0.4125) (layer F.Fab) (width 0.1))
    (fp_line (start -0.8 0.4125) (end -0.8 -0.4125) (layer F.Fab) (width 0.1))
    (fp_text user %R (at 0 0 90) (layer F.Fab)
      (effects (font (size 0.4 0.4) (thickness 0.06)))
    )
    (pad 2 smd roundrect (at 0.9125 0 270) (size 0.975 0.95) (layers F.Cu F.Paste F.Mask) (roundrect_rratio 0.25)
      (net 6 /MCU/MTDO))
    (pad 1 smd roundrect (at -0.9125 0 270) (size 0.975 0.95) (layers F.Cu F.Paste F.Mask) (roundrect_rratio 0.25)
      (net 38 "Net-(J2-Pad6)"))
    (model ${KISYS3DMOD}/Resistor_SMD.3dshapes/R_0603_1608Metric.wrl
      (at (xyz 0 0 0))
      (scale (xyz 1 1 1))
      (rotate (xyz 0 0 0))
    )
  )

  (module Resistor_SMD:R_0603_1608Metric_Pad0.98x0.95mm_HandSolder (layer F.Cu) (tedit 5F68FEEE) (tstamp 5FA074FA)
    (at 178.562 108.67 270)
    (descr "Resistor SMD 0603 (1608 Metric), square (rectangular) end terminal, IPC_7351 nominal with elongated pad for handsoldering. (Body size source: IPC-SM-782 page 72, https://www.pcb-3d.com/wordpress/wp-content/uploads/ipc-sm-782a_amendment_1_and_2.pdf), generated with kicad-footprint-generator")
    (tags "resistor handsolder")
    (path /5F52F099/5F5CD98B)
    (attr smd)
    (fp_text reference R9 (at -2.752 0 90) (layer F.SilkS)
      (effects (font (size 1 1) (thickness 0.15)))
    )
    (fp_text value 100 (at 0 1.43 90) (layer F.Fab)
      (effects (font (size 1 1) (thickness 0.15)))
    )
    (fp_line (start 1.65 0.73) (end -1.65 0.73) (layer F.CrtYd) (width 0.05))
    (fp_line (start 1.65 -0.73) (end 1.65 0.73) (layer F.CrtYd) (width 0.05))
    (fp_line (start -1.65 -0.73) (end 1.65 -0.73) (layer F.CrtYd) (width 0.05))
    (fp_line (start -1.65 0.73) (end -1.65 -0.73) (layer F.CrtYd) (width 0.05))
    (fp_line (start -0.254724 0.5225) (end 0.254724 0.5225) (layer F.SilkS) (width 0.12))
    (fp_line (start -0.254724 -0.5225) (end 0.254724 -0.5225) (layer F.SilkS) (width 0.12))
    (fp_line (start 0.8 0.4125) (end -0.8 0.4125) (layer F.Fab) (width 0.1))
    (fp_line (start 0.8 -0.4125) (end 0.8 0.4125) (layer F.Fab) (width 0.1))
    (fp_line (start -0.8 -0.4125) (end 0.8 -0.4125) (layer F.Fab) (width 0.1))
    (fp_line (start -0.8 0.4125) (end -0.8 -0.4125) (layer F.Fab) (width 0.1))
    (fp_text user %R (at 0 0 90) (layer F.Fab)
      (effects (font (size 0.4 0.4) (thickness 0.06)))
    )
    (pad 2 smd roundrect (at 0.9125 0 270) (size 0.975 0.95) (layers F.Cu F.Paste F.Mask) (roundrect_rratio 0.25)
      (net 5 /MCU/MTDI))
    (pad 1 smd roundrect (at -0.9125 0 270) (size 0.975 0.95) (layers F.Cu F.Paste F.Mask) (roundrect_rratio 0.25)
      (net 39 "Net-(J2-Pad8)"))
    (model ${KISYS3DMOD}/Resistor_SMD.3dshapes/R_0603_1608Metric.wrl
      (at (xyz 0 0 0))
      (scale (xyz 1 1 1))
      (rotate (xyz 0 0 0))
    )
  )

  (module Resistor_SMD:R_0603_1608Metric_Pad0.98x0.95mm_HandSolder (layer F.Cu) (tedit 5F68FEEE) (tstamp 5FA2D38E)
    (at 173.482 100.8615 90)
    (descr "Resistor SMD 0603 (1608 Metric), square (rectangular) end terminal, IPC_7351 nominal with elongated pad for handsoldering. (Body size source: IPC-SM-782 page 72, https://www.pcb-3d.com/wordpress/wp-content/uploads/ipc-sm-782a_amendment_1_and_2.pdf), generated with kicad-footprint-generator")
    (tags "resistor handsolder")
    (path /5F52F099/5FB6A40E)
    (attr smd)
    (fp_text reference R8 (at 0 -1.43 90) (layer F.SilkS)
      (effects (font (size 1 1) (thickness 0.15)))
    )
    (fp_text value 1k (at 0 1.43 90) (layer F.Fab)
      (effects (font (size 1 1) (thickness 0.15)))
    )
    (fp_line (start 1.65 0.73) (end -1.65 0.73) (layer F.CrtYd) (width 0.05))
    (fp_line (start 1.65 -0.73) (end 1.65 0.73) (layer F.CrtYd) (width 0.05))
    (fp_line (start -1.65 -0.73) (end 1.65 -0.73) (layer F.CrtYd) (width 0.05))
    (fp_line (start -1.65 0.73) (end -1.65 -0.73) (layer F.CrtYd) (width 0.05))
    (fp_line (start -0.254724 0.5225) (end 0.254724 0.5225) (layer F.SilkS) (width 0.12))
    (fp_line (start -0.254724 -0.5225) (end 0.254724 -0.5225) (layer F.SilkS) (width 0.12))
    (fp_line (start 0.8 0.4125) (end -0.8 0.4125) (layer F.Fab) (width 0.1))
    (fp_line (start 0.8 -0.4125) (end 0.8 0.4125) (layer F.Fab) (width 0.1))
    (fp_line (start -0.8 -0.4125) (end 0.8 -0.4125) (layer F.Fab) (width 0.1))
    (fp_line (start -0.8 0.4125) (end -0.8 -0.4125) (layer F.Fab) (width 0.1))
    (fp_text user %R (at 0 0 90) (layer F.Fab)
      (effects (font (size 0.4 0.4) (thickness 0.06)))
    )
    (pad 2 smd roundrect (at 0.9125 0 90) (size 0.975 0.95) (layers F.Cu F.Paste F.Mask) (roundrect_rratio 0.25)
      (net 4 /MCU/WiFi_Mode))
    (pad 1 smd roundrect (at -0.9125 0 90) (size 0.975 0.95) (layers F.Cu F.Paste F.Mask) (roundrect_rratio 0.25)
      (net 16 +3V3))
    (model ${KISYS3DMOD}/Resistor_SMD.3dshapes/R_0603_1608Metric.wrl
      (at (xyz 0 0 0))
      (scale (xyz 1 1 1))
      (rotate (xyz 0 0 0))
    )
  )

  (module Resistor_SMD:R_0603_1608Metric_Pad0.98x0.95mm_HandSolder (layer F.Cu) (tedit 5F68FEEE) (tstamp 5FA20F46)
    (at 72.009 78.486 90)
    (descr "Resistor SMD 0603 (1608 Metric), square (rectangular) end terminal, IPC_7351 nominal with elongated pad for handsoldering. (Body size source: IPC-SM-782 page 72, https://www.pcb-3d.com/wordpress/wp-content/uploads/ipc-sm-782a_amendment_1_and_2.pdf), generated with kicad-footprint-generator")
    (tags "resistor handsolder")
    (path /5F562A6B/5F5F134B)
    (attr smd)
    (fp_text reference R7 (at 0 -1.43 270) (layer F.SilkS)
      (effects (font (size 1 1) (thickness 0.15)))
    )
    (fp_text value 62 (at 0 1.43 270) (layer F.Fab)
      (effects (font (size 1 1) (thickness 0.15)))
    )
    (fp_line (start 1.65 0.73) (end -1.65 0.73) (layer F.CrtYd) (width 0.05))
    (fp_line (start 1.65 -0.73) (end 1.65 0.73) (layer F.CrtYd) (width 0.05))
    (fp_line (start -1.65 -0.73) (end 1.65 -0.73) (layer F.CrtYd) (width 0.05))
    (fp_line (start -1.65 0.73) (end -1.65 -0.73) (layer F.CrtYd) (width 0.05))
    (fp_line (start -0.254724 0.5225) (end 0.254724 0.5225) (layer F.SilkS) (width 0.12))
    (fp_line (start -0.254724 -0.5225) (end 0.254724 -0.5225) (layer F.SilkS) (width 0.12))
    (fp_line (start 0.8 0.4125) (end -0.8 0.4125) (layer F.Fab) (width 0.1))
    (fp_line (start 0.8 -0.4125) (end 0.8 0.4125) (layer F.Fab) (width 0.1))
    (fp_line (start -0.8 -0.4125) (end 0.8 -0.4125) (layer F.Fab) (width 0.1))
    (fp_line (start -0.8 0.4125) (end -0.8 -0.4125) (layer F.Fab) (width 0.1))
    (fp_text user %R (at 0 0 270) (layer F.Fab)
      (effects (font (size 0.4 0.4) (thickness 0.06)))
    )
    (pad 2 smd roundrect (at 0.9125 0 90) (size 0.975 0.95) (layers F.Cu F.Paste F.Mask) (roundrect_rratio 0.25)
      (net 34 "Net-(C6-Pad2)"))
    (pad 1 smd roundrect (at -0.9125 0 90) (size 0.975 0.95) (layers F.Cu F.Paste F.Mask) (roundrect_rratio 0.25)
      (net 35 "Net-(C7-Pad1)"))
    (model ${KISYS3DMOD}/Resistor_SMD.3dshapes/R_0603_1608Metric.wrl
      (at (xyz 0 0 0))
      (scale (xyz 1 1 1))
      (rotate (xyz 0 0 0))
    )
  )

  (module Resistor_SMD:R_0603_1608Metric_Pad0.98x0.95mm_HandSolder (layer F.Cu) (tedit 5F68FEEE) (tstamp 5FA074C7)
