(kicad_pcb (version 20171130) (host pcbnew "(5.1.8)-1")

  (general
    (thickness 1.6)
    (drawings 27)
    (tracks 394)
    (zones 0)
    (modules 62)
    (nets 50)
  )

  (page A4)
  (layers
    (0 F.Cu signal)
    (31 B.Cu signal)
    (32 B.Adhes user hide)
    (33 F.Adhes user hide)
    (34 B.Paste user hide)
    (35 F.Paste user)
    (36 B.SilkS user)
    (37 F.SilkS user)
    (38 B.Mask user)
    (39 F.Mask user)
    (40 Dwgs.User user)
    (41 Cmts.User user hide)
    (42 Eco1.User user hide)
    (43 Eco2.User user hide)
    (44 Edge.Cuts user)
    (45 Margin user hide)
    (46 B.CrtYd user hide)
    (47 F.CrtYd user)
    (48 B.Fab user hide)
    (49 F.Fab user hide)
  )

  (setup
    (last_trace_width 0.25)
    (trace_clearance 0.2)
    (zone_clearance 0.508)
    (zone_45_only no)
    (trace_min 0.2)
    (via_size 0.8)
    (via_drill 0.4)
    (via_min_size 0.4)
    (via_min_drill 0.3)
    (uvia_size 0.3)
    (uvia_drill 0.1)
    (uvias_allowed no)
    (uvia_min_size 0.2)
    (uvia_min_drill 0.1)
    (edge_width 0.05)
    (segment_width 0.2)
    (pcb_text_width 0.3)
    (pcb_text_size 1.5 1.5)
    (mod_edge_width 0.12)
    (mod_text_size 1 1)
    (mod_text_width 0.15)
    (pad_size 4 4)
    (pad_drill 3.2)
    (pad_to_mask_clearance 0.05)
    (aux_axis_origin 44.04 125.85)
    (grid_origin 44.04 125.85)
    (visible_elements 7FFFFFFF)
    (pcbplotparams
      (layerselection 0x010fc_ffffffff)
      (usegerberextensions false)
      (usegerberattributes true)
      (usegerberadvancedattributes true)
      (creategerberjobfile true)
      (excludeedgelayer true)
      (linewidth 0.100000)
      (plotframeref false)
      (viasonmask false)
      (mode 1)
      (useauxorigin false)
      (hpglpennumber 1)
      (hpglpenspeed 20)
      (hpglpendiameter 15.000000)
      (psnegative false)
      (psa4output false)
      (plotreference true)
      (plotvalue true)
      (plotinvisibletext false)
      (padsonsilk false)
      (subtractmaskfromsilk false)
      (outputformat 1)
      (mirror false)
      (drillshape 1)
      (scaleselection 1)
      (outputdirectory ""))
  )

  (net 0 "")
  (net 1 GND)
  (net 2 /CAN_Transceiver/CAN_Tx)
  (net 3 /CAN_Transceiver/CAN_Rx)
  (net 4 /MCU/WiFi_Mode)
  (net 5 /MCU/MTDI)
  (net 6 /MCU/MTDO)
  (net 7 /MCU/MTCK)
  (net 8 /MCU/MTMS)
  (net 9 /CAN_Transceiver/BUS_H)
  (net 10 /CAN_Transceiver/BUS_L)
  (net 11 /MCU/Indicator_Error)
  (net 12 /MCU/Indicator_AP_Mode)
  (net 13 "Net-(D4-Pad1)")
  (net 14 "Net-(D5-Pad1)")
  (net 15 /MCU/Indicator_STA_Mode)
  (net 16 +3V3)
  (net 17 /Connector/OBD_VDD)
  (net 18 /MCU/GPIO_4)
  (net 19 /MCU/GPIO_3)
  (net 20 /MCU/GPIO_2)
  (net 21 /MCU/GPIO_1)
  (net 22 /MCU/OBD_Voltage_Check)
  (net 23 "Net-(C6-Pad1)")
  (net 24 "Net-(D6-Pad1)")
  (net 25 /Connector/Pin_7)
  (net 26 /Connector/Pin_5)
  (net 27 /Connector/Pin_3)
  (net 28 /Connector/Pin_2)
  (net 29 /Connector/CAN_Mode)
  (net 30 "Net-(Q1-Pad1)")
  (net 31 +5V)
  (net 32 "Net-(D3-Pad1)")
  (net 33 "Net-(D7-Pad2)")
  (net 34 "Net-(C6-Pad2)")
  (net 35 "Net-(C7-Pad1)")
  (net 36 "Net-(J2-Pad2)")
  (net 37 "Net-(J2-Pad4)")
  (net 38 "Net-(J2-Pad6)")
  (net 39 "Net-(J2-Pad8)")
  (net 40 "Net-(L1-Pad1)")
  (net 41 "Net-(R3-Pad2)")
  (net 42 "Net-(C2-Pad1)")
  (net 43 "Net-(C3-Pad1)")
  (net 44 "Net-(C12-Pad1)")
  (net 45 "Net-(D8-Pad1)")
  (net 46 /Connector/~OBD~\CAN)
  (net 47 "Net-(C16-Pad1)")
  (net 48 "Net-(IC1-Pad8)")
  (net 49 "Net-(R19-Pad2)")

  (net_class Default "This is the default net class."
    (clearance 0.2)
    (trace_width 0.25)
    (via_dia 0.8)
    (via_drill 0.4)
    (uvia_dia 0.3)
    (uvia_drill 0.1)
    (add_net +3V3)
    (add_net +5V)
    (add_net /CAN_Transceiver/BUS_H)
    (add_net /CAN_Transceiver/BUS_L)
    (add_net /CAN_Transceiver/CAN_Rx)
    (add_net /CAN_Transceiver/CAN_Tx)
    (add_net /Connector/CAN_Mode)
    (add_net /Connector/OBD_VDD)
    (add_net /Connector/Pin_2)
    (add_net /Connector/Pin_3)
    (add_net /Connector/Pin_5)
    (add_net /Connector/Pin_7)
    (add_net /Connector/~OBD~\CAN)
    (add_net /MCU/GPIO_1)
    (add_net /MCU/GPIO_2)
    (add_net /MCU/GPIO_3)
    (add_net /MCU/GPIO_4)
    (add_net /MCU/Indicator_AP_Mode)
    (add_net /MCU/Indicator_Error)
    (add_net /MCU/Indicator_STA_Mode)
    (add_net /MCU/MTCK)
    (add_net /MCU/MTDI)
    (add_net /MCU/MTDO)
    (add_net /MCU/MTMS)
    (add_net /MCU/OBD_Voltage_Check)
    (add_net /MCU/WiFi_Mode)
    (add_net GND)
    (add_net "Net-(C12-Pad1)")
    (add_net "Net-(C16-Pad1)")
    (add_net "Net-(C2-Pad1)")
    (add_net "Net-(C3-Pad1)")
    (add_net "Net-(C6-Pad1)")
    (add_net "Net-(C6-Pad2)")
    (add_net "Net-(C7-Pad1)")
    (add_net "Net-(D3-Pad1)")
    (add_net "Net-(D4-Pad1)")
    (add_net "Net-(D5-Pad1)")
    (add_net "Net-(D6-Pad1)")
    (add_net "Net-(D7-Pad2)")
    (add_net "Net-(D8-Pad1)")
    (add_net "Net-(IC1-Pad8)")
    (add_net "Net-(J2-Pad2)")
    (add_net "Net-(J2-Pad4)")
    (add_net "Net-(J2-Pad6)")
    (add_net "Net-(J2-Pad8)")
    (add_net "Net-(L1-Pad1)")
    (add_net "Net-(Q1-Pad1)")
    (add_net "Net-(R19-Pad2)")
    (add_net "Net-(R3-Pad2)")
  )

  (module "Board:AST 045-08" (layer F.Cu) (tedit 5FBCE1FF) (tstamp 5FBD47A8)
    (at 119.23 124.58 180)
    (path /5F52F099/5FC7E1BA)
    (fp_text reference J1 (at 19.845502 14.657001) (layer F.SilkS)
      (effects (font (size 1 1) (thickness 0.15)))
    )
    (fp_text value Conn_01x08_Female (at 19.765502 12.367001) (layer F.Fab)
      (effects (font (size 1 1) (thickness 0.15)))
    )
    (fp_line (start 0 17) (end 40 17) (layer F.CrtYd) (width 0.1524))
    (fp_line (start 0 0) (end 0 17) (layer F.SilkS) (width 0.1524))
    (fp_line (start 0 0) (end 40 0) (layer F.SilkS) (width 0.1524))
    (fp_line (start 0 0) (end 0 17) (layer F.CrtYd) (width 0.1524))
    (fp_line (start 0 0) (end 40 0) (layer F.CrtYd) (width 0.1524))
    (fp_line (start 0 0) (end 40 0) (layer F.Fab) (width 0.1524))
    (fp_line (start 0 17) (end 40 17) (layer F.SilkS) (width 0.1524))
    (fp_line (start 40 0) (end 40 17) (layer F.SilkS) (width 0.1524))
    (fp_line (start 40 0) (end 40 17) (layer F.CrtYd) (width 0.1524))
    (fp_line (start 0 0) (end 0 17) (layer F.Fab) (width 0.1524))
    (fp_line (start 40 0) (end 40 17) (layer F.Fab) (width 0.1524))
    (fp_line (start 0 17) (end 40 17) (layer F.Fab) (width 0.1524))
    (pad 8 thru_hole circle (at 36.16 7.36 180) (size 1.524 1.524) (drill 1) (layers *.Cu *.Mask))
    (pad 7 thru_hole circle (at 31.28 7.36 180) (size 1.524 1.524) (drill 1) (layers *.Cu *.Mask))
    (pad 6 thru_hole circle (at 26.4 7.36 180) (size 1.524 1.524) (drill 1) (layers *.Cu *.Mask)
      (net 18 /MCU/GPIO_4))
    (pad 5 thru_hole circle (at 21.52 7.36 180) (size 1.524 1.524) (drill 1) (layers *.Cu *.Mask)
      (net 19 /MCU/GPIO_3))
    (pad 4 thru_hole circle (at 16.64 7.36 180) (size 1.524 1.524) (drill 1) (layers *.Cu *.Mask)
      (net 20 /MCU/GPIO_2))
    (pad 3 thru_hole circle (at 11.76 7.36 180) (size 1.524 1.524) (drill 1) (layers *.Cu *.Mask)
      (net 21 /MCU/GPIO_1))
    (pad 2 thru_hole circle (at 6.88 7.36 180) (size 1.524 1.524) (drill 1) (layers *.Cu *.Mask)
      (net 1 GND))
    (pad 1 thru_hole circle (at 2 7.36 180) (size 1.524 1.524) (drill 1) (layers *.Cu *.Mask)
      (net 16 +3V3))
    (pad 8 thru_hole circle (at 36.16 2.36 180) (size 1.524 1.524) (drill 1) (layers *.Cu *.Mask))
    (pad 7 thru_hole circle (at 31.28 2.36 180) (size 1.524 1.524) (drill 1) (layers *.Cu *.Mask))
    (pad 6 thru_hole circle (at 26.4 2.36 180) (size 1.524 1.524) (drill 1) (layers *.Cu *.Mask)
      (net 18 /MCU/GPIO_4))
    (pad 5 thru_hole circle (at 21.52 2.36 180) (size 1.524 1.524) (drill 1) (layers *.Cu *.Mask)
      (net 19 /MCU/GPIO_3))
    (pad 4 thru_hole circle (at 16.64 2.36 180) (size 1.524 1.524) (drill 1) (layers *.Cu *.Mask)
      (net 20 /MCU/GPIO_2))
    (pad 3 thru_hole circle (at 11.76 2.36 180) (size 1.524 1.524) (drill 1) (layers *.Cu *.Mask)
      (net 21 /MCU/GPIO_1))
    (pad 2 thru_hole circle (at 6.88 2.36 180) (size 1.524 1.524) (drill 1) (layers *.Cu *.Mask)
      (net 1 GND))
    (pad 1 thru_hole circle (at 2 2.36 180) (size 1.524 1.524) (drill 1) (layers *.Cu *.Mask)
      (net 16 +3V3))
  )

  (module Board:RELAY_G5V-2-DC5 (layer F.Cu) (tedit 5FA019C5) (tstamp 5FA2D2D6)
    (at 61.85 94.04 180)
    (path /5FA55ABF/5FB1A5F7)
    (fp_text reference K2 (at -6.9971 -6.99712) (layer F.SilkS)
      (effects (font (size 1.001732 1.001732) (thickness 0.015)))
    )
    (fp_text value G5V-2-DC5 (at -0.635925 6.995815) (layer F.Fab)
      (effects (font (size 1.001551 1.001551) (thickness 0.015)))
    )
    (fp_line (start -10.25 5.05) (end -10.25 -5.05) (layer F.Fab) (width 0.127))
    (fp_line (start -10.25 -5.05) (end 10.25 -5.05) (layer F.Fab) (width 0.127))
    (fp_line (start 10.25 -5.05) (end 10.25 5.05) (layer F.Fab) (width 0.127))
    (fp_line (start 10.25 5.05) (end -10.25 5.05) (layer F.Fab) (width 0.127))
    (fp_circle (center -8.99 5.71) (end -8.79 5.71) (layer F.SilkS) (width 0.4))
    (fp_line (start -10.25 5.05) (end -10.25 -5.05) (layer F.SilkS) (width 0.127))
    (fp_line (start -10.25 -5.05) (end 10.25 -5.05) (layer F.SilkS) (width 0.127))
    (fp_line (start 10.25 -5.05) (end 10.25 5.05) (layer F.SilkS) (width 0.127))
    (fp_line (start 10.25 5.05) (end -10.25 5.05) (layer F.SilkS) (width 0.127))
    (fp_line (start -10.5 5.3) (end -10.5 -5.3) (layer F.CrtYd) (width 0.05))
    (fp_line (start -10.5 -5.3) (end 10.5 -5.3) (layer F.CrtYd) (width 0.05))
    (fp_line (start 10.5 -5.3) (end 10.5 5.3) (layer F.CrtYd) (width 0.05))
    (fp_line (start 10.5 5.3) (end -10.5 5.3) (layer F.CrtYd) (width 0.05))
    (pad 1 thru_hole rect (at -8.89 3.81 180) (size 1.508 1.508) (drill 1) (layers *.Cu *.Mask)
      (net 33 "Net-(D7-Pad2)"))
    (pad 16 thru_hole circle (at -8.89 -3.81 180) (size 1.508 1.508) (drill 1) (layers *.Cu *.Mask)
      (net 31 +5V))
    (pad 13 thru_hole circle (at -1.27 -3.81 180) (size 1.508 1.508) (drill 1) (layers *.Cu *.Mask)
      (net 10 /CAN_Transceiver/BUS_L))
    (pad 4 thru_hole circle (at -1.27 3.81 180) (size 1.508 1.508) (drill 1) (layers *.Cu *.Mask)
      (net 9 /CAN_Transceiver/BUS_H))
    (pad 6 thru_hole circle (at 3.81 3.81 180) (size 1.508 1.508) (drill 1) (layers *.Cu *.Mask)
      (net 27 /Connector/Pin_3))
    (pad 11 thru_hole circle (at 3.81 -3.81 180) (size 1.508 1.508) (drill 1) (layers *.Cu *.Mask)
      (net 26 /Connector/Pin_5))
    (pad 9 thru_hole circle (at 8.89 -3.81 180) (size 1.508 1.508) (drill 1) (layers *.Cu *.Mask)
      (net 28 /Connector/Pin_2))
    (pad 8 thru_hole circle (at 8.89 3.81 180) (size 1.508 1.508) (drill 1) (layers *.Cu *.Mask)
      (net 25 /Connector/Pin_7))
  )

  (module Capacitor_SMD:C_0603_1608Metric_Pad1.05x0.95mm_HandSolder (layer B.Cu) (tedit 5B301BBE) (tstamp 5FB8827B)
    (at 89.225 97.73 180)
    (descr "Capacitor SMD 0603 (1608 Metric), square (rectangular) end terminal, IPC_7351 nominal with elongated pad for handsoldering. (Body size source: http://www.tortai-tech.com/upload/download/2011102023233369053.pdf), generated with kicad-footprint-generator")
    (tags "capacitor handsolder")
    (path /5F562A6B/5FBA0AB2)
    (attr smd)
    (fp_text reference C17 (at 0 1.43) (layer B.SilkS)
      (effects (font (size 1 1) (thickness 0.15)) (justify mirror))
    )
    (fp_text value 100n (at 0 -1.43) (layer B.Fab)
      (effects (font (size 1 1) (thickness 0.15)) (justify mirror))
    )
    (fp_line (start 1.65 -0.73) (end -1.65 -0.73) (layer B.CrtYd) (width 0.05))
    (fp_line (start 1.65 0.73) (end 1.65 -0.73) (layer B.CrtYd) (width 0.05))
    (fp_line (start -1.65 0.73) (end 1.65 0.73) (layer B.CrtYd) (width 0.05))
    (fp_line (start -1.65 -0.73) (end -1.65 0.73) (layer B.CrtYd) (width 0.05))
    (fp_line (start -0.171267 -0.51) (end 0.171267 -0.51) (layer B.SilkS) (width 0.12))
    (fp_line (start -0.171267 0.51) (end 0.171267 0.51) (layer B.SilkS) (width 0.12))
    (fp_line (start 0.8 -0.4) (end -0.8 -0.4) (layer B.Fab) (width 0.1))
    (fp_line (start 0.8 0.4) (end 0.8 -0.4) (layer B.Fab) (width 0.1))
    (fp_line (start -0.8 0.4) (end 0.8 0.4) (layer B.Fab) (width 0.1))
    (fp_line (start -0.8 -0.4) (end -0.8 0.4) (layer B.Fab) (width 0.1))
    (fp_text user %R (at 0 0) (layer B.Fab)
      (effects (font (size 0.4 0.4) (thickness 0.06)) (justify mirror))
    )
    (pad 2 smd roundrect (at 0.875 0 180) (size 1.05 0.95) (layers B.Cu B.Paste B.Mask) (roundrect_rratio 0.25)
      (net 1 GND))
    (pad 1 smd roundrect (at -0.875 0 180) (size 1.05 0.95) (layers B.Cu B.Paste B.Mask) (roundrect_rratio 0.25)
      (net 16 +3V3))
    (model ${KISYS3DMOD}/Capacitor_SMD.3dshapes/C_0603_1608Metric.wrl
      (at (xyz 0 0 0))
      (scale (xyz 1 1 1))
      (rotate (xyz 0 0 0))
    )
  )

  (module Board:INDPM5550X300N (layer F.Cu) (tedit 0) (tstamp 5FAA830F)
    (at 72.19 73.22)
    (descr ETQP3M4R7KVP)
    (tags Inductor)
    (path /5F52EFB7/5FB3AA0A)
    (attr smd)
    (fp_text reference L1 (at 0 0) (layer F.SilkS)
      (effects (font (size 1.27 1.27) (thickness 0.254)))
    )
    (fp_text value 2.2u (at 0 0) (layer F.SilkS) hide
      (effects (font (size 1.27 1.27) (thickness 0.254)))
    )
    (fp_line (start -2.75 2.5) (end 2.75 2.5) (layer F.SilkS) (width 0.2))
    (fp_line (start 2.75 -2.5) (end -2.75 -2.5) (layer F.SilkS) (width 0.2))
    (fp_line (start -2.75 2.5) (end -2.75 -2.5) (layer F.Fab) (width 0.1))
    (fp_line (start 2.75 2.5) (end -2.75 2.5) (layer F.Fab) (width 0.1))
    (fp_line (start 2.75 -2.5) (end 2.75 2.5) (layer F.Fab) (width 0.1))
    (fp_line (start -2.75 -2.5) (end 2.75 -2.5) (layer F.Fab) (width 0.1))
    (fp_line (start -3.7 2.95) (end -3.7 -2.95) (layer F.CrtYd) (width 0.05))
    (fp_line (start 3.7 2.95) (end -3.7 2.95) (layer F.CrtYd) (width 0.05))
    (fp_line (start 3.7 -2.95) (end 3.7 2.95) (layer F.CrtYd) (width 0.05))
    (fp_line (start -3.7 -2.95) (end 3.7 -2.95) (layer F.CrtYd) (width 0.05))
    (fp_text user %R (at 0 0) (layer F.Fab)
      (effects (font (size 1.27 1.27) (thickness 0.254)))
    )
    (pad 2 smd rect (at 2.35 0) (size 2.2 2.75) (layers F.Cu F.Paste F.Mask)
      (net 43 "Net-(C3-Pad1)"))
    (pad 1 smd rect (at -2.35 0) (size 2.2 2.75) (layers F.Cu F.Paste F.Mask)
      (net 40 "Net-(L1-Pad1)"))
    (model ETQP3M4R7KVP.stp
      (at (xyz 0 0 0))
      (scale (xyz 1 1 1))
      (rotate (xyz 0 0 0))
    )
  )

  (module Board:INDPM5550X300N (layer F.Cu) (tedit 0) (tstamp 5FB7F87E)
    (at 66.54 106.67 180)
    (descr ETQP3M4R7KVP)
    (tags Inductor)
    (path /5F52EFB7/5FCB8E0F)
    (attr smd)
    (fp_text reference L3 (at 0 0) (layer F.SilkS)
      (effects (font (size 1.27 1.27) (thickness 0.254)))
    )
    (fp_text value 5u (at 0 0) (layer F.SilkS) hide
      (effects (font (size 1.27 1.27) (thickness 0.254)))
    )
    (fp_line (start -3.7 -2.95) (end 3.7 -2.95) (layer F.CrtYd) (width 0.05))
    (fp_line (start 3.7 -2.95) (end 3.7 2.95) (layer F.CrtYd) (width 0.05))
    (fp_line (start 3.7 2.95) (end -3.7 2.95) (layer F.CrtYd) (width 0.05))
    (fp_line (start -3.7 2.95) (end -3.7 -2.95) (layer F.CrtYd) (width 0.05))
    (fp_line (start -2.75 -2.5) (end 2.75 -2.5) (layer F.Fab) (width 0.1))
    (fp_line (start 2.75 -2.5) (end 2.75 2.5) (layer F.Fab) (width 0.1))
    (fp_line (start 2.75 2.5) (end -2.75 2.5) (layer F.Fab) (width 0.1))
    (fp_line (start -2.75 2.5) (end -2.75 -2.5) (layer F.Fab) (width 0.1))
    (fp_line (start 2.75 -2.5) (end -2.75 -2.5) (layer F.SilkS) (width 0.2))
    (fp_line (start -2.75 2.5) (end 2.75 2.5) (layer F.SilkS) (width 0.2))
    (fp_text user %R (at 0 0) (layer F.Fab)
      (effects (font (size 1.27 1.27) (thickness 0.254)))
    )
    (pad 1 smd rect (at -2.35 0 180) (size 2.2 2.75) (layers F.Cu F.Paste F.Mask)
      (net 47 "Net-(C16-Pad1)"))
    (pad 2 smd rect (at 2.35 0 180) (size 2.2 2.75) (layers F.Cu F.Paste F.Mask)
      (net 45 "Net-(D8-Pad1)"))
    (model ETQP3M4R7KVP.stp
      (at (xyz 0 0 0))
      (scale (xyz 1 1 1))
      (rotate (xyz 0 0 0))
    )
  )

  (module Package_SO:VSSOP-8_3.0x3.0mm_P0.65mm (layer F.Cu) (tedit 5A02F25C) (tstamp 5FACEB57)
    (at 70.15 68.175)
    (descr "VSSOP-8 3.0 x 3.0, http://www.ti.com/lit/ds/symlink/lm75b.pdf")
    (tags "VSSOP-8 3.0 x 3.0")
    (path /5F52EFB7/5FB078C3)
    (attr smd)
    (fp_text reference U1 (at 0 -2.5) (layer F.SilkS)
      (effects (font (size 1 1) (thickness 0.15)))
    )
    (fp_text value TPS62160DGK (at 0.02 2.73) (layer F.Fab)
      (effects (font (size 1 1) (thickness 0.15)))
    )
    (fp_line (start 1.5 -1.5) (end 1.5 1.5) (layer F.Fab) (width 0.1))
    (fp_line (start 1.5 1.5) (end -1.5 1.5) (layer F.Fab) (width 0.1))
    (fp_line (start -1.5 1.5) (end -1.5 -0.5) (layer F.Fab) (width 0.1))
    (fp_line (start -0.5 -1.5) (end 1.5 -1.5) (layer F.Fab) (width 0.1))
    (fp_line (start -0.5 -1.5) (end -1.5 -0.5) (layer F.Fab) (width 0.1))
    (fp_line (start 0 -1.62) (end -3 -1.62) (layer F.SilkS) (width 0.12))
    (fp_line (start 1 1.62) (end -1 1.62) (layer F.SilkS) (width 0.12))
    (fp_line (start 3.48 -1.75) (end 3.48 1.75) (layer F.CrtYd) (width 0.05))
    (fp_line (start 3.48 1.75) (end -3.48 1.75) (layer F.CrtYd) (width 0.05))
    (fp_line (start -3.48 1.75) (end -3.48 -1.75) (layer F.CrtYd) (width 0.05))
    (fp_line (start -3.48 -1.75) (end 3.48 -1.75) (layer F.CrtYd) (width 0.05))
    (fp_text user %R (at -0.127 0) (layer F.Fab)
      (effects (font (size 0.5 0.5) (thickness 0.1)))
    )
    (pad 8 smd rect (at 2.2 -0.975 270) (size 0.45 1.45) (layers F.Cu F.Paste F.Mask)
      (net 41 "Net-(R3-Pad2)"))
    (pad 7 smd rect (at 2.2 -0.325 270) (size 0.45 1.45) (layers F.Cu F.Paste F.Mask)
      (net 40 "Net-(L1-Pad1)"))
    (pad 6 smd rect (at 2.2 0.325 270) (size 0.45 1.45) (layers F.Cu F.Paste F.Mask)
      (net 43 "Net-(C3-Pad1)"))
    (pad 5 smd rect (at 2.2 0.975 270) (size 0.45 1.45) (layers F.Cu F.Paste F.Mask)
      (net 49 "Net-(R19-Pad2)"))
    (pad 4 smd rect (at -2.2 0.975 270) (size 0.45 1.45) (layers F.Cu F.Paste F.Mask)
      (net 1 GND))
    (pad 3 smd rect (at -2.2 0.325 270) (size 0.45 1.45) (layers F.Cu F.Paste F.Mask)
      (net 42 "Net-(C2-Pad1)"))
    (pad 2 smd rect (at -2.2 -0.325 270) (size 0.45 1.45) (layers F.Cu F.Paste F.Mask)
      (net 42 "Net-(C2-Pad1)"))
    (pad 1 smd rect (at -2.2 -0.975 270) (size 0.45 1.45) (layers F.Cu F.Paste F.Mask)
      (net 1 GND))
    (model ${KISYS3DMOD}/Package_SO.3dshapes/VSSOP-8_3.0x3.0mm_P0.65mm.wrl
      (at (xyz 0 0 0))
      (scale (xyz 1 1 1))
      (rotate (xyz 0 0 0))
    )
  )

  (module Resistor_SMD:R_0603_1608Metric_Pad0.98x0.95mm_HandSolder (layer B.Cu) (tedit 5F68FEEE) (tstamp 5FACCE7B)
    (at 84.3135 89.996 180)
    (descr "Resistor SMD 0603 (1608 Metric), square (rectangular) end terminal, IPC_7351 nominal with elongated pad for handsoldering. (Body size source: IPC-SM-782 page 72, https://www.pcb-3d.com/wordpress/wp-content/uploads/ipc-sm-782a_amendment_1_and_2.pdf), generated with kicad-footprint-generator")
    (tags "resistor handsolder")
    (path /5F562A6B/5FBDD81B)
    (attr smd)
    (fp_text reference R21 (at 0 1.43) (layer B.SilkS)
      (effects (font (size 1 1) (thickness 0.15)) (justify mirror))
    )
    (fp_text value 0 (at 0 -1.43) (layer B.Fab)
      (effects (font (size 1 1) (thickness 0.15)) (justify mirror))
    )
    (fp_line (start 1.65 -0.73) (end -1.65 -0.73) (layer B.CrtYd) (width 0.05))
    (fp_line (start 1.65 0.73) (end 1.65 -0.73) (layer B.CrtYd) (width 0.05))
    (fp_line (start -1.65 0.73) (end 1.65 0.73) (layer B.CrtYd) (width 0.05))
    (fp_line (start -1.65 -0.73) (end -1.65 0.73) (layer B.CrtYd) (width 0.05))
    (fp_line (start -0.254724 -0.5225) (end 0.254724 -0.5225) (layer B.SilkS) (width 0.12))
    (fp_line (start -0.254724 0.5225) (end 0.254724 0.5225) (layer B.SilkS) (width 0.12))
    (fp_line (start 0.8 -0.4125) (end -0.8 -0.4125) (layer B.Fab) (width 0.1))
    (fp_line (start 0.8 0.4125) (end 0.8 -0.4125) (layer B.Fab) (width 0.1))
    (fp_line (start -0.8 0.4125) (end 0.8 0.4125) (layer B.Fab) (width 0.1))
    (fp_line (start -0.8 -0.4125) (end -0.8 0.4125) (layer B.Fab) (width 0.1))
    (fp_text user %R (at 0 0) (layer B.Fab)
      (effects (font (size 0.4 0.4) (thickness 0.06)) (justify mirror))
    )
    (pad 2 smd roundrect (at 0.9125 0 180) (size 0.975 0.95) (layers B.Cu B.Paste B.Mask) (roundrect_rratio 0.25)
      (net 1 GND))
    (pad 1 smd roundrect (at -0.9125 0 180) (size 0.975 0.95) (layers B.Cu B.Paste B.Mask) (roundrect_rratio 0.25)
      (net 48 "Net-(IC1-Pad8)"))
    (model ${KISYS3DMOD}/Resistor_SMD.3dshapes/R_0603_1608Metric.wrl
      (at (xyz 0 0 0))
      (scale (xyz 1 1 1))
      (rotate (xyz 0 0 0))
    )
  )

  (module Resistor_SMD:R_0603_1608Metric_Pad0.98x0.95mm_HandSolder (layer F.Cu) (tedit 5F68FEEE) (tstamp 5FACCE6A)
    (at 76.941 73.439 270)
    (descr "Resistor SMD 0603 (1608 Metric), square (rectangular) end terminal, IPC_7351 nominal with elongated pad for handsoldering. (Body size source: IPC-SM-782 page 72, https://www.pcb-3d.com/wordpress/wp-content/uploads/ipc-sm-782a_amendment_1_and_2.pdf), generated with kicad-footprint-generator")
    (tags "resistor handsolder")
    (path /5F52EFB7/5FAC2DDF)
    (attr smd)
    (fp_text reference R20 (at 3.302 -0.127 90) (layer F.SilkS)
      (effects (font (size 1 1) (thickness 0.15)))
    )
    (fp_text value 180k (at 0 -1.397 90) (layer F.Fab)
      (effects (font (size 1 1) (thickness 0.15)))
    )
    (fp_line (start 1.65 0.73) (end -1.65 0.73) (layer F.CrtYd) (width 0.05))
    (fp_line (start 1.65 -0.73) (end 1.65 0.73) (layer F.CrtYd) (width 0.05))
    (fp_line (start -1.65 -0.73) (end 1.65 -0.73) (layer F.CrtYd) (width 0.05))
    (fp_line (start -1.65 0.73) (end -1.65 -0.73) (layer F.CrtYd) (width 0.05))
    (fp_line (start -0.254724 0.5225) (end 0.254724 0.5225) (layer F.SilkS) (width 0.12))
    (fp_line (start -0.254724 -0.5225) (end 0.254724 -0.5225) (layer F.SilkS) (width 0.12))
    (fp_line (start 0.8 0.4125) (end -0.8 0.4125) (layer F.Fab) (width 0.1))
    (fp_line (start 0.8 -0.4125) (end 0.8 0.4125) (layer F.Fab) (width 0.1))
    (fp_line (start -0.8 -0.4125) (end 0.8 -0.4125) (layer F.Fab) (width 0.1))
    (fp_line (start -0.8 0.4125) (end -0.8 -0.4125) (layer F.Fab) (width 0.1))
    (fp_text user %R (at 0 0 90) (layer F.Fab)
      (effects (font (size 0.4 0.4) (thickness 0.06)))
    )
    (pad 2 smd roundrect (at 0.9125 0 270) (size 0.975 0.95) (layers F.Cu F.Paste F.Mask) (roundrect_rratio 0.25)
      (net 1 GND))
    (pad 1 smd roundrect (at -0.9125 0 270) (size 0.975 0.95) (layers F.Cu F.Paste F.Mask) (roundrect_rratio 0.25)
      (net 49 "Net-(R19-Pad2)"))
    (model ${KISYS3DMOD}/Resistor_SMD.3dshapes/R_0603_1608Metric.wrl
      (at (xyz 0 0 0))
      (scale (xyz 1 1 1))
      (rotate (xyz 0 0 0))
    )
  )

  (module Resistor_SMD:R_0603_1608Metric_Pad0.98x0.95mm_HandSolder (layer F.Cu) (tedit 5F68FEEE) (tstamp 5FACCE59)
    (at 76.941 69.883 270)
    (descr "Resistor SMD 0603 (1608 Metric), square (rectangular) end terminal, IPC_7351 nominal with elongated pad for handsoldering. (Body size source: IPC-SM-782 page 72, https://www.pcb-3d.com/wordpress/wp-content/uploads/ipc-sm-782a_amendment_1_and_2.pdf), generated with kicad-footprint-generator")
    (tags "resistor handsolder")
    (path /5F52EFB7/5FAC28BD)
    (attr smd)
    (fp_text reference R19 (at 3.175 0.127 90) (layer F.SilkS)
      (effects (font (size 1 1) (thickness 0.15)))
    )
    (fp_text value 953k (at 0 1.43 90) (layer F.Fab)
      (effects (font (size 1 1) (thickness 0.15)))
    )
    (fp_line (start 1.65 0.73) (end -1.65 0.73) (layer F.CrtYd) (width 0.05))
    (fp_line (start 1.65 -0.73) (end 1.65 0.73) (layer F.CrtYd) (width 0.05))
    (fp_line (start -1.65 -0.73) (end 1.65 -0.73) (layer F.CrtYd) (width 0.05))
    (fp_line (start -1.65 0.73) (end -1.65 -0.73) (layer F.CrtYd) (width 0.05))
    (fp_line (start -0.254724 0.5225) (end 0.254724 0.5225) (layer F.SilkS) (width 0.12))
    (fp_line (start -0.254724 -0.5225) (end 0.254724 -0.5225) (layer F.SilkS) (width 0.12))
    (fp_line (start 0.8 0.4125) (end -0.8 0.4125) (layer F.Fab) (width 0.1))
    (fp_line (start 0.8 -0.4125) (end 0.8 0.4125) (layer F.Fab) (width 0.1))
    (fp_line (start -0.8 -0.4125) (end 0.8 -0.4125) (layer F.Fab) (width 0.1))
    (fp_line (start -0.8 0.4125) (end -0.8 -0.4125) (layer F.Fab) (width 0.1))
    (fp_text user %R (at 0 0 90) (layer F.Fab)
      (effects (font (size 0.4 0.4) (thickness 0.06)))
    )
    (pad 2 smd roundrect (at 0.9125 0 270) (size 0.975 0.95) (layers F.Cu F.Paste F.Mask) (roundrect_rratio 0.25)
      (net 49 "Net-(R19-Pad2)"))
    (pad 1 smd roundrect (at -0.9125 0 270) (size 0.975 0.95) (layers F.Cu F.Paste F.Mask) (roundrect_rratio 0.25)
      (net 43 "Net-(C3-Pad1)"))
    (model ${KISYS3DMOD}/Resistor_SMD.3dshapes/R_0603_1608Metric.wrl
      (at (xyz 0 0 0))
      (scale (xyz 1 1 1))
      (rotate (xyz 0 0 0))
    )
  )

  (module Resistor_SMD:R_0603_1608Metric_Pad0.98x0.95mm_HandSolder (layer B.Cu) (tedit 5F68FEEE) (tstamp 5FAAB3E9)
    (at 58.53 76.0975 90)
    (descr "Resistor SMD 0603 (1608 Metric), square (rectangular) end terminal, IPC_7351 nominal with elongated pad for handsoldering. (Body size source: IPC-SM-782 page 72, https://www.pcb-3d.com/wordpress/wp-content/uploads/ipc-sm-782a_amendment_1_and_2.pdf), generated with kicad-footprint-generator")
    (tags "resistor handsolder")
    (path /5FA55ABF/5FB372EA)
    (attr smd)
    (fp_text reference R18 (at 0 1.43 90) (layer B.SilkS)
      (effects (font (size 1 1) (thickness 0.15)) (justify mirror))
    )
    (fp_text value 150 (at 0 -1.43 90) (layer B.Fab)
      (effects (font (size 1 1) (thickness 0.15)) (justify mirror))
    )
    (fp_line (start 1.65 -0.73) (end -1.65 -0.73) (layer B.CrtYd) (width 0.05))
    (fp_line (start 1.65 0.73) (end 1.65 -0.73) (layer B.CrtYd) (width 0.05))
    (fp_line (start -1.65 0.73) (end 1.65 0.73) (layer B.CrtYd) (width 0.05))
    (fp_line (start -1.65 -0.73) (end -1.65 0.73) (layer B.CrtYd) (width 0.05))
    (fp_line (start -0.254724 -0.5225) (end 0.254724 -0.5225) (layer B.SilkS) (width 0.12))
    (fp_line (start -0.254724 0.5225) (end 0.254724 0.5225) (layer B.SilkS) (width 0.12))
    (fp_line (start 0.8 -0.4125) (end -0.8 -0.4125) (layer B.Fab) (width 0.1))
    (fp_line (start 0.8 0.4125) (end 0.8 -0.4125) (layer B.Fab) (width 0.1))
    (fp_line (start -0.8 0.4125) (end 0.8 0.4125) (layer B.Fab) (width 0.1))
    (fp_line (start -0.8 -0.4125) (end -0.8 0.4125) (layer B.Fab) (width 0.1))
    (fp_text user %R (at 0 0 90) (layer B.Fab)
      (effects (font (size 0.4 0.4) (thickness 0.06)) (justify mirror))
    )
    (pad 2 smd roundrect (at 0.9125 0 90) (size 0.975 0.95) (layers B.Cu B.Paste B.Mask) (roundrect_rratio 0.25)
      (net 1 GND))
    (pad 1 smd roundrect (at -0.9125 0 90) (size 0.975 0.95) (layers B.Cu B.Paste B.Mask) (roundrect_rratio 0.25)
      (net 30 "Net-(Q1-Pad1)"))
    (model ${KISYS3DMOD}/Resistor_SMD.3dshapes/R_0603_1608Metric.wrl
      (at (xyz 0 0 0))
      (scale (xyz 1 1 1))
      (rotate (xyz 0 0 0))
    )
  )

  (module Resistor_SMD:R_0603_1608Metric_Pad0.98x0.95mm_HandSolder (layer B.Cu) (tedit 5F68FEEE) (tstamp 5FA2D420)
    (at 61.0475 77.08)
    (descr "Resistor SMD 0603 (1608 Metric), square (rectangular) end terminal, IPC_7351 nominal with elongated pad for handsoldering. (Body size source: IPC-SM-782 page 72, https://www.pcb-3d.com/wordpress/wp-content/uploads/ipc-sm-782a_amendment_1_and_2.pdf), generated with kicad-footprint-generator")
    (tags "resistor handsolder")
    (path /5FA55ABF/5FB379FD)
    (attr smd)
    (fp_text reference R17 (at -0.1505 -1.778 180) (layer B.SilkS)
      (effects (font (size 1 1) (thickness 0.15)) (justify mirror))
    )
    (fp_text value 430 (at 0 -1.43 180) (layer B.Fab)
      (effects (font (size 1 1) (thickness 0.15)) (justify mirror))
    )
    (fp_line (start 1.65 -0.73) (end -1.65 -0.73) (layer B.CrtYd) (width 0.05))
    (fp_line (start 1.65 0.73) (end 1.65 -0.73) (layer B.CrtYd) (width 0.05))
    (fp_line (start -1.65 0.73) (end 1.65 0.73) (layer B.CrtYd) (width 0.05))
    (fp_line (start -1.65 -0.73) (end -1.65 0.73) (layer B.CrtYd) (width 0.05))
    (fp_line (start -0.254724 -0.5225) (end 0.254724 -0.5225) (layer B.SilkS) (width 0.12))
    (fp_line (start -0.254724 0.5225) (end 0.254724 0.5225) (layer B.SilkS) (width 0.12))
    (fp_line (start 0.8 -0.4125) (end -0.8 -0.4125) (layer B.Fab) (width 0.1))
    (fp_line (start 0.8 0.4125) (end 0.8 -0.4125) (layer B.Fab) (width 0.1))
    (fp_line (start -0.8 0.4125) (end 0.8 0.4125) (layer B.Fab) (width 0.1))
    (fp_line (start -0.8 -0.4125) (end -0.8 0.4125) (layer B.Fab) (width 0.1))
    (fp_text user %R (at 0 0 180) (layer B.Fab)
      (effects (font (size 0.4 0.4) (thickness 0.06)) (justify mirror))
    )
    (pad 2 smd roundrect (at 0.9125 0) (size 0.975 0.95) (layers B.Cu B.Paste B.Mask) (roundrect_rratio 0.25)
      (net 46 /Connector/~OBD~\CAN))
    (pad 1 smd roundrect (at -0.9125 0) (size 0.975 0.95) (layers B.Cu B.Paste B.Mask) (roundrect_rratio 0.25)
      (net 30 "Net-(Q1-Pad1)"))
    (model ${KISYS3DMOD}/Resistor_SMD.3dshapes/R_0603_1608Metric.wrl
      (at (xyz 0 0 0))
      (scale (xyz 1 1 1))
      (rotate (xyz 0 0 0))
    )
  )

  (module Resistor_SMD:R_0603_1608Metric_Pad0.98x0.95mm_HandSolder (layer F.Cu) (tedit 5F68FEEE) (tstamp 5FA2D40F)
    (at 91.01 67.56 90)
    (descr "Resistor SMD 0603 (1608 Metric), square (rectangular) end terminal, IPC_7351 nominal with elongated pad for handsoldering. (Body size source: IPC-SM-782 page 72, https://www.pcb-3d.com/wordpress/wp-content/uploads/ipc-sm-782a_amendment_1_and_2.pdf), generated with kicad-footprint-generator")
    (tags "resistor handsolder")
    (path /5FA55ABF/5FB5FD29)
    (attr smd)
    (fp_text reference R16 (at 0 -1.43 270) (layer F.SilkS)
      (effects (font (size 1 1) (thickness 0.15)))
    )
    (fp_text value 500 (at 0 1.43 270) (layer F.Fab)
      (effects (font (size 1 1) (thickness 0.15)))
    )
    (fp_line (start 1.65 0.73) (end -1.65 0.73) (layer F.CrtYd) (width 0.05))
    (fp_line (start 1.65 -0.73) (end 1.65 0.73) (layer F.CrtYd) (width 0.05))
    (fp_line (start -1.65 -0.73) (end 1.65 -0.73) (layer F.CrtYd) (width 0.05))
    (fp_line (start -1.65 0.73) (end -1.65 -0.73) (layer F.CrtYd) (width 0.05))
    (fp_line (start -0.254724 0.5225) (end 0.254724 0.5225) (layer F.SilkS) (width 0.12))
    (fp_line (start -0.254724 -0.5225) (end 0.254724 -0.5225) (layer F.SilkS) (width 0.12))
    (fp_line (start 0.8 0.4125) (end -0.8 0.4125) (layer F.Fab) (width 0.1))
    (fp_line (start 0.8 -0.4125) (end 0.8 0.4125) (layer F.Fab) (width 0.1))
    (fp_line (start -0.8 -0.4125) (end 0.8 -0.4125) (layer F.Fab) (width 0.1))
    (fp_line (start -0.8 0.4125) (end -0.8 -0.4125) (layer F.Fab) (width 0.1))
    (fp_text user %R (at 0 0 270) (layer F.Fab)
      (effects (font (size 0.4 0.4) (thickness 0.06)))
    )
    (pad 2 smd roundrect (at 0.9125 0 90) (size 0.975 0.95) (layers F.Cu F.Paste F.Mask) (roundrect_rratio 0.25)
      (net 29 /Connector/CAN_Mode))
    (pad 1 smd roundrect (at -0.9125 0 90) (size 0.975 0.95) (layers F.Cu F.Paste F.Mask) (roundrect_rratio 0.25)
      (net 24 "Net-(D6-Pad1)"))
    (model ${KISYS3DMOD}/Resistor_SMD.3dshapes/R_0603_1608Metric.wrl
      (at (xyz 0 0 0))
      (scale (xyz 1 1 1))
      (rotate (xyz 0 0 0))
    )
  )

  (module Resistor_SMD:R_0603_1608Metric_Pad0.98x0.95mm_HandSolder (layer F.Cu) (tedit 5F68FEEE) (tstamp 5FBC47FB)
    (at 106.24 67.5675 90)
    (descr "Resistor SMD 0603 (1608 Metric), square (rectangular) end terminal, IPC_7351 nominal with elongated pad for handsoldering. (Body size source: IPC-SM-782 page 72, https://www.pcb-3d.com/wordpress/wp-content/uploads/ipc-sm-782a_amendment_1_and_2.pdf), generated with kicad-footprint-generator")
    (tags "resistor handsolder")
    (path /5F52F099/5F898BC6)
    (attr smd)
    (fp_text reference R15 (at 0 -1.43 90) (layer F.SilkS)
      (effects (font (size 1 1) (thickness 0.15)))
    )
    (fp_text value 500 (at 0 1.43 90) (layer F.Fab)
      (effects (font (size 1 1) (thickness 0.15)))
    )
    (fp_line (start 1.65 0.73) (end -1.65 0.73) (layer F.CrtYd) (width 0.05))
    (fp_line (start 1.65 -0.73) (end 1.65 0.73) (layer F.CrtYd) (width 0.05))
    (fp_line (start -1.65 -0.73) (end 1.65 -0.73) (layer F.CrtYd) (width 0.05))
    (fp_line (start -1.65 0.73) (end -1.65 -0.73) (layer F.CrtYd) (width 0.05))
    (fp_line (start -0.254724 0.5225) (end 0.254724 0.5225) (layer F.SilkS) (width 0.12))
    (fp_line (start -0.254724 -0.5225) (end 0.254724 -0.5225) (layer F.SilkS) (width 0.12))
    (fp_line (start 0.8 0.4125) (end -0.8 0.4125) (layer F.Fab) (width 0.1))
    (fp_line (start 0.8 -0.4125) (end 0.8 0.4125) (layer F.Fab) (width 0.1))
    (fp_line (start -0.8 -0.4125) (end 0.8 -0.4125) (layer F.Fab) (width 0.1))
    (fp_line (start -0.8 0.4125) (end -0.8 -0.4125) (layer F.Fab) (width 0.1))
    (fp_text user %R (at 0 0 90) (layer F.Fab)
      (effects (font (size 0.4 0.4) (thickness 0.06)))
    )
    (pad 2 smd roundrect (at 0.9125 0 90) (size 0.975 0.95) (layers F.Cu F.Paste F.Mask) (roundrect_rratio 0.25)
      (net 1 GND))
    (pad 1 smd roundrect (at -0.9125 0 90) (size 0.975 0.95) (layers F.Cu F.Paste F.Mask) (roundrect_rratio 0.25)
      (net 14 "Net-(D5-Pad1)"))
    (model ${KISYS3DMOD}/Resistor_SMD.3dshapes/R_0603_1608Metric.wrl
      (at (xyz 0 0 0))
      (scale (xyz 1 1 1))
      (rotate (xyz 0 0 0))
    )
  )

  (module Resistor_SMD:R_0603_1608Metric_Pad0.98x0.95mm_HandSolder (layer F.Cu) (tedit 5F68FEEE) (tstamp 5FA0754F)
    (at 101.17 67.5575 90)
    (descr "Resistor SMD 0603 (1608 Metric), square (rectangular) end terminal, IPC_7351 nominal with elongated pad for handsoldering. (Body size source: IPC-SM-782 page 72, https://www.pcb-3d.com/wordpress/wp-content/uploads/ipc-sm-782a_amendment_1_and_2.pdf), generated with kicad-footprint-generator")
    (tags "resistor handsolder")
    (path /5F52F099/5F8972E5)
    (attr smd)
    (fp_text reference R14 (at 0 -1.43 90) (layer F.SilkS)
      (effects (font (size 1 1) (thickness 0.15)))
    )
    (fp_text value 500 (at 0 1.43 90) (layer F.Fab)
      (effects (font (size 1 1) (thickness 0.15)))
    )
    (fp_line (start 1.65 0.73) (end -1.65 0.73) (layer F.CrtYd) (width 0.05))
    (fp_line (start 1.65 -0.73) (end 1.65 0.73) (layer F.CrtYd) (width 0.05))
    (fp_line (start -1.65 -0.73) (end 1.65 -0.73) (layer F.CrtYd) (width 0.05))
    (fp_line (start -1.65 0.73) (end -1.65 -0.73) (layer F.CrtYd) (width 0.05))
    (fp_line (start -0.254724 0.5225) (end 0.254724 0.5225) (layer F.SilkS) (width 0.12))
    (fp_line (start -0.254724 -0.5225) (end 0.254724 -0.5225) (layer F.SilkS) (width 0.12))
    (fp_line (start 0.8 0.4125) (end -0.8 0.4125) (layer F.Fab) (width 0.1))
    (fp_line (start 0.8 -0.4125) (end 0.8 0.4125) (layer F.Fab) (width 0.1))
    (fp_line (start -0.8 -0.4125) (end 0.8 -0.4125) (layer F.Fab) (width 0.1))
    (fp_line (start -0.8 0.4125) (end -0.8 -0.4125) (layer F.Fab) (width 0.1))
    (fp_text user %R (at 0 0 90) (layer F.Fab)
      (effects (font (size 0.4 0.4) (thickness 0.06)))
    )
    (pad 2 smd roundrect (at 0.9125 0 90) (size 0.975 0.95) (layers F.Cu F.Paste F.Mask) (roundrect_rratio 0.25)
      (net 1 GND))
    (pad 1 smd roundrect (at -0.9125 0 90) (size 0.975 0.95) (layers F.Cu F.Paste F.Mask) (roundrect_rratio 0.25)
      (net 13 "Net-(D4-Pad1)"))
    (model ${KISYS3DMOD}/Resistor_SMD.3dshapes/R_0603_1608Metric.wrl
      (at (xyz 0 0 0))
      (scale (xyz 1 1 1))
      (rotate (xyz 0 0 0))
    )
  )

  (module Resistor_SMD:R_0603_1608Metric_Pad0.98x0.95mm_HandSolder (layer F.Cu) (tedit 5F68FEEE) (tstamp 5FA0753E)
    (at 96.09 67.5575 90)
    (descr "Resistor SMD 0603 (1608 Metric), square (rectangular) end terminal, IPC_7351 nominal with elongated pad for handsoldering. (Body size source: IPC-SM-782 page 72, https://www.pcb-3d.com/wordpress/wp-content/uploads/ipc-sm-782a_amendment_1_and_2.pdf), generated with kicad-footprint-generator")
    (tags "resistor handsolder")
    (path /5F52F099/5F8967E0)
    (attr smd)
    (fp_text reference R13 (at 0 -1.43 90) (layer F.SilkS)
      (effects (font (size 1 1) (thickness 0.15)))
    )
    (fp_text value 500 (at 0 1.43 90) (layer F.Fab)
      (effects (font (size 1 1) (thickness 0.15)))
    )
    (fp_line (start 1.65 0.73) (end -1.65 0.73) (layer F.CrtYd) (width 0.05))
    (fp_line (start 1.65 -0.73) (end 1.65 0.73) (layer F.CrtYd) (width 0.05))
    (fp_line (start -1.65 -0.73) (end 1.65 -0.73) (layer F.CrtYd) (width 0.05))
    (fp_line (start -1.65 0.73) (end -1.65 -0.73) (layer F.CrtYd) (width 0.05))
    (fp_line (start -0.254724 0.5225) (end 0.254724 0.5225) (layer F.SilkS) (width 0.12))
    (fp_line (start -0.254724 -0.5225) (end 0.254724 -0.5225) (layer F.SilkS) (width 0.12))
    (fp_line (start 0.8 0.4125) (end -0.8 0.4125) (layer F.Fab) (width 0.1))
    (fp_line (start 0.8 -0.4125) (end 0.8 0.4125) (layer F.Fab) (width 0.1))
    (fp_line (start -0.8 -0.4125) (end 0.8 -0.4125) (layer F.Fab) (width 0.1))
    (fp_line (start -0.8 0.4125) (end -0.8 -0.4125) (layer F.Fab) (width 0.1))
    (fp_text user %R (at 0 0 90) (layer F.Fab)
      (effects (font (size 0.4 0.4) (thickness 0.06)))
    )
    (pad 2 smd roundrect (at 0.9125 0 90) (size 0.975 0.95) (layers F.Cu F.Paste F.Mask) (roundrect_rratio 0.25)
      (net 1 GND))
    (pad 1 smd roundrect (at -0.9125 0 90) (size 0.975 0.95) (layers F.Cu F.Paste F.Mask) (roundrect_rratio 0.25)
      (net 32 "Net-(D3-Pad1)"))
    (model ${KISYS3DMOD}/Resistor_SMD.3dshapes/R_0603_1608Metric.wrl
      (at (xyz 0 0 0))
      (scale (xyz 1 1 1))
      (rotate (xyz 0 0 0))
    )
  )

  (module Resistor_SMD:R_0603_1608Metric_Pad0.98x0.95mm_HandSolder (layer B.Cu) (tedit 5F68FEEE) (tstamp 5FA1C829)
    (at 115.1 94.89 180)
    (descr "Resistor SMD 0603 (1608 Metric), square (rectangular) end terminal, IPC_7351 nominal with elongated pad for handsoldering. (Body size source: IPC-SM-782 page 72, https://www.pcb-3d.com/wordpress/wp-content/uploads/ipc-sm-782a_amendment_1_and_2.pdf), generated with kicad-footprint-generator")
    (tags "resistor handsolder")
    (path /5F52F099/5F5CF402)
    (attr smd)
    (fp_text reference R12 (at -3.387 0) (layer B.SilkS)
      (effects (font (size 1 1) (thickness 0.15)) (justify mirror))
    )
    (fp_text value 100 (at 0 -1.43) (layer B.Fab)
      (effects (font (size 1 1) (thickness 0.15)) (justify mirror))
    )
    (fp_line (start 1.65 -0.73) (end -1.65 -0.73) (layer B.CrtYd) (width 0.05))
    (fp_line (start 1.65 0.73) (end 1.65 -0.73) (layer B.CrtYd) (width 0.05))
    (fp_line (start -1.65 0.73) (end 1.65 0.73) (layer B.CrtYd) (width 0.05))
    (fp_line (start -1.65 -0.73) (end -1.65 0.73) (layer B.CrtYd) (width 0.05))
    (fp_line (start -0.254724 -0.5225) (end 0.254724 -0.5225) (layer B.SilkS) (width 0.12))
    (fp_line (start -0.254724 0.5225) (end 0.254724 0.5225) (layer B.SilkS) (width 0.12))
    (fp_line (start 0.8 -0.4125) (end -0.8 -0.4125) (layer B.Fab) (width 0.1))
    (fp_line (start 0.8 0.4125) (end 0.8 -0.4125) (layer B.Fab) (width 0.1))
    (fp_line (start -0.8 0.4125) (end 0.8 0.4125) (layer B.Fab) (width 0.1))
    (fp_line (start -0.8 -0.4125) (end -0.8 0.4125) (layer B.Fab) (width 0.1))
    (fp_text user %R (at 0 0) (layer B.Fab)
      (effects (font (size 0.4 0.4) (thickness 0.06)) (justify mirror))
    )
    (pad 2 smd roundrect (at 0.9125 0 180) (size 0.975 0.95) (layers B.Cu B.Paste B.Mask) (roundrect_rratio 0.25)
      (net 8 /MCU/MTMS))
    (pad 1 smd roundrect (at -0.9125 0 180) (size 0.975 0.95) (layers B.Cu B.Paste B.Mask) (roundrect_rratio 0.25)
      (net 36 "Net-(J2-Pad2)"))
    (model ${KISYS3DMOD}/Resistor_SMD.3dshapes/R_0603_1608Metric.wrl
      (at (xyz 0 0 0))
      (scale (xyz 1 1 1))
      (rotate (xyz 0 0 0))
    )
  )

  (module Resistor_SMD:R_0603_1608Metric_Pad0.98x0.95mm_HandSolder (layer B.Cu) (tedit 5F68FEEE) (tstamp 5FA0751C)
    (at 115.1 93.34 180)
